0.6685908 
0.5957582 
0.5144551 
0.53791827 
0.5261251 
0.5177274 
0.5560527 
0.5672063 
0.5244051 
0.4906535 
0.4933663 
0.48791242 
0.45907903 
0.43355608 
0.40809464 
0.7889507 
1.4591534 
0.49118745 
0.4974293 
0.48316255 
0.47715276 
0.4728308 
0.45612216 
0.43867588 
0.41089895 
0.40417606 
0.45371723 
0.7007284 
0.49120092 
0.4404645 
0.4261384 
0.40810817 
0.39605758 
0.46038318 
0.64838904 
0.6899416 
0.5171603 
0.4964436 
0.50726974 
0.47532663 
0.46942073 
0.43388867 
0.4168001 
0.4181137 
0.51177216 
0.43660328 
0.44994634 
0.39428225 
0.38681343 
0.43008193 
0.43487656 
0.57437986 
0.42684036 
0.39964914 
0.38831347 
0.40191334 
0.4212552 
0.5398723 
0.38646242 
0.36409897 
0.3590418 
0.33907318 
0.3354955 
0.34152246 
0.53680396 
0.57527757 
0.57211214 
0.45876473 
0.43086678 
0.39678836 
0.3974194 
0.37021676 
0.3546696 
0.35056654 
0.33671492 
0.37359196 
0.415976 
0.54941237 
0.36509636 
0.34844005 
0.32406062 
0.32915312 
0.3277499 
0.36586574 
0.4360415 
0.5700463 
0.45814997 
0.4222394 
0.34992817 
0.32669988 
0.3212378 
0.31202817 
0.3103944 
0.30846253 
0.32886067 
0.48642522 
0.72340685 
0.38695526 
0.35912699 
0.34021443 
0.31533852 
0.32451206 
0.32998937 
0.344897 
0.36361006 
0.40455902 
0.33125332 
0.34771955 
0.33465874 
0.36927816 
0.3502182 
0.4045732 
0.34843665 
0.3297331 
0.30403817 
0.31592673 
0.35339373 
0.46329233 
0.32319558 
0.3069225 
0.28841573 
0.27879182 
0.27355984 
0.281613 
0.33710396 
0.41568235 
0.6379744 
0.3489386 
0.3344711 
0.30649596 
0.2853663 
0.27924773 
0.26568222 
0.26320696 
0.26841408 
0.43054342 
0.8286319 
0.44502187 
0.3755741 
0.34675723 
0.30352545 
0.298746 
0.29210493 
0.29051208 
0.28194064 
0.2765807 
0.28926212 
0.36252305 
0.5820338 
0.37270337 
0.3228193 
0.2905705 
0.28817615 
0.2806557 
0.2749774 
0.32305443 
0.3680367 
0.5356735 
0.3226633 
0.3076338 
0.30966493 
0.2732089 
0.2807327 
0.28852516 
0.32508087 
0.4005041 
0.35384437 
0.33165157 
0.30635238 
0.29883862 
0.2974396 
0.28427905 
0.31495014 
0.37181902 
0.36899325 
0.42300004 
0.3278916 
0.31656665 
0.31977254 
0.29386878 
0.31352997 
0.33895755 
0.32844418 
0.35642952 
0.34624684 
0.3412832 
0.29193968 
0.28103316 
0.26846772 
0.26858157 
0.29806456 
0.3417853 
0.49083394 
0.3562718 
0.34444833 
0.31179494 
0.29593873 
0.2928295 
0.29988176 
0.2889568 
0.3233311 
0.30763543 
0.33801955 
0.32857126 
0.33497357 
0.29816043 
0.29777235 
0.29501006 
0.3040164 
0.32010823 
0.30327645 
0.32833868 
0.31360298 
0.31107825 
0.3594042 
0.38839132 
0.4328449 
0.33531126 
0.30682224 
0.2820726 
0.28622845 
0.26884353 
0.27344722 
0.2821083 
0.346452 
0.5372421 
0.3428052 
0.3263605 
0.2842631 
0.2822018 
0.277918 
0.2796104 
0.28306508 
0.30816978 
0.33223566 
0.38595688 
0.34086615 
0.41966054 
0.36984688 
0.36158478 
0.31573758 
0.28653193 
0.27909046 
0.27114213 
0.26865244 
0.30051264 
0.30742753 
0.30957144 
0.2887203 
0.3666876 
0.42064655 
0.47895297 
0.32807273 
0.30043653 
0.30470312 
0.28487858 
0.29589874 
0.34097496 
0.41512766 
0.51342404 
0.34853446 
0.30635506 
0.28826207 
0.2908525 
0.27694517 
0.2825956 
0.30234838 
0.33183134 
0.32096198 
0.38208872 
0.33430898 
0.3280362 
0.29876518 
0.30875 
0.30301985 
0.3310674 
0.3272205 
0.37278977 
0.332156 
0.3011459 
0.28661966 
0.2667485 
0.2690439 
0.29434133 
0.30505386 
0.34869868 
0.33385175 
0.3164733 
0.37501094 
0.3040644 
0.2897744 
0.29260287 
0.3384114 
0.38417548 
0.45095965 
0.29645735 
0.29484376 
0.2773502 
0.27171433 
0.2855394 
0.2947483 
0.2928846 
0.2888385 
0.27129322 
0.24306728 
0.2480121 
0.28439066 
0.32619858 
0.43938196 
0.32034793 
0.33780494 
0.3006333 
0.29530436 
0.2973854 
0.29512876 
0.31250536 
0.32437807 
0.33915403 
0.3231761 
0.2939542 
0.26077855 
0.25979316 
0.26791105 
0.31384015 
0.30975562 
0.35541072 
0.34338883 
0.3651879 
0.28255436 
0.26859885 
0.25111118 
0.26014376 
0.25130048 
0.2679155 
0.28179163 
0.31113464 
0.27545822 
0.26640671 
0.28388256 
0.34267396 
0.34427816 
0.39790064 
0.3027252 
0.29512164 
0.29619765 
0.2923623 
0.27045816 
0.28144342 
0.28711236 
0.30126363 
0.28709757 
0.26903725 
0.23567952 
0.24880907 
0.24906245 
0.29117963 
0.3067422 
0.34218985 
0.28244352 
0.2589543 
0.25083894 
0.26833713 
0.27807346 
0.34711468 
0.30356187 
0.31404895 
0.3377148 
0.30218184 
0.25070444 
0.23784904 
0.21312335 
0.23114687 
0.22798726 
0.2521599 
0.27109817 
0.3466134 
0.2834837 
0.27506208 
0.31343368 
0.275397 
0.26741058 
0.2517338 
0.2329432 
0.24239048 
0.25195408 
0.29667956 
0.4225459 
0.33963615 
0.34076247 
0.30831456 
0.26222998 
0.23944935 
0.23380692 
0.2323601 
0.25762117 
0.29253915 
0.32602167 
0.2777151 
0.24202222 
0.23503211 
0.24215038 
0.26383013 
0.22461785 
0.2356256 
0.23721012 
0.28708827 
0.280163 
0.25941306 
0.24027315 
0.267889 
0.3111425 
0.3335696 
0.25676548 
0.2456941 
0.23014191 
0.21590404 
0.19197781 
0.20583999 
0.2147069 
0.22926655 
0.265795 
0.25813627 
0.21764806 
0.20338234 
0.20107177 
0.2109459 
0.21108028 
0.22182006 
0.21449064 
0.21370341 
0.19491401 
0.21628502 
0.24649975 
0.31219178 
0.30224055 
0.21455541 
0.18903202 
0.17291361 
0.16788614 
0.17317314 
0.19482392 
0.25699043 
0.26974702 
0.21893612 
0.21122998 
0.22224343 
0.19378345 
0.19295941 
0.17742091 
0.19667512 
0.21657157 
0.23411441 
0.1976564 
0.17564467 
0.1742323 
0.16677725 
0.1936862 
0.24382806 
0.24750772 
0.188167 
0.1580671 
0.15105829 
0.15663087 
0.17108262 
0.19140938 
0.20544803 
0.21044965 
0.19462124 
0.18705554 
0.18177384 
0.1671409 
0.15834177 
0.16389489 
0.2004196 
0.22907153 
0.24464618 
0.18288347 
0.1606078 
0.14496593 
0.1489084 
0.14986613 
0.15573609 
0.1764886 
0.19419818 
0.2167414 
0.19215584 
0.18022138 
0.1617963 
0.19207864 
0.18140385 
0.15479952 
0.14616647 
0.14817804 
0.1678892 
0.19483799 
0.18761605 
0.18636161 
0.17784391 
0.17293075 
0.1723541 
0.15241063 
0.14406359 
0.1363999 
0.13332622 
0.13755965 
0.1539608 
0.1734826 
0.20184979 
0.20963494 
0.20851433 
0.17416382 
0.1603253 
0.13076839 
0.14282866 
0.14644596 
0.18504941 
0.2070964 
0.23466581 
0.18570656 
0.17828296 
0.18980992 
0.17803386 
0.14362687 
0.11973713 
0.11254392 
0.12066569 
0.11593029 
0.11750911 
0.12069538 
0.14910755 
0.21489851 
0.24376725 
0.2366264 
0.16162856 
0.13250987 
0.13534924 
0.1506356 
0.16109669 
0.15398103 
0.14197409 
0.13387896 
0.1343925 
0.15645409 
0.22580333 
0.20913757 
0.17923045 
0.13192037 
0.118905395 
0.12330516 
0.14131819 
0.14928705 
0.15226163 
0.15070173 
0.13648166 
0.131677 
0.13310355 
0.12348161 
0.118836574 
0.10521513 
0.100493476 
0.1010368 
0.10729889 
0.10866991 
0.12539457 
0.13872637 
0.15130572 
0.12624304 
0.11148425 
0.111076325 
0.12596607 
0.15413766 
0.20243534 
0.29983693 
0.19847912 
0.19533625 
0.15394473 
0.13454542 
0.12856704 
0.13136074 
0.13316399 
0.114962354 
0.10588545 
0.09857441 
0.10131176 
0.09818188 
0.107021436 
0.09833184 
0.11472971 
0.119293466 
0.13544959 
0.13574351 
0.16674425 
0.19170944 
0.23601805 
0.22045125 
0.1827202 
0.14298512 
0.11496703 
0.100002944 
0.09676746 
0.089805655 
0.090559825 
0.09749733 
0.10069385 
0.106644526 
0.12736997 
0.14069015 
0.15285364 
0.18796596 
0.19779462 
0.2270348 
0.17669323 
0.1548218 
0.14830059 
0.15216243 
0.16298538 
0.18037963 
0.17339566 
0.13404824 
0.103575364 
0.10347627 
0.10495502 
0.116128124 
0.11199545 
0.114668384 
