0.66400856 
0.6291286 
0.5895392 
0.5548558 
0.6060147 
0.5942471 
0.5804918 
0.5739956 
0.5513614 
0.5449994 
0.56516695 
0.6205672 
0.57544243 
0.5352086 
0.5121126 
0.4799626 
0.7173589 
0.8460628 
0.5672236 
0.54386157 
0.5044209 
0.5194105 
0.4840662 
0.4631917 
0.45100623 
0.49408326 
0.81120574 
0.48676437 
0.4612174 
0.44632542 
0.44100705 
0.41999143 
0.72882915 
0.7404072 
0.51301324 
0.48176038 
0.46262908 
0.49282452 
0.44877636 
0.40119964 
0.4085757 
0.39526367 
0.40710554 
0.45852372 
0.5465158 
0.5853592 
0.42771947 
0.3979518 
0.37648046 
0.34213972 
0.34945634 
0.3945995 
0.52030146 
0.6836779 
0.43618387 
0.410842 
0.4023317 
0.3706059 
0.35327786 
0.35615236 
0.3648666 
0.41307202 
0.39015555 
0.4285773 
0.3974704 
0.4430745 
0.43192357 
0.47951347 
0.4059594 
0.39609885 
0.37184808 
0.34628147 
0.37246633 
0.45050985 
0.4130569 
0.4386863 
0.3579315 
0.35383487 
0.33295295 
0.31381184 
0.3239991 
0.39230984 
0.3802566 
0.36285567 
0.35025835 
0.34524918 
0.38312185 
0.36020905 
0.34626818 
0.34817877 
0.32060817 
0.26927555 
0.21922691 
0.29805762 
0.25931782 
0.2724402 
0.47517195 
0.79045427 
0.5439948 
0.41169515 
0.35141742 
0.33971682 
0.35312617 
0.35748422 
0.36053053 
0.33372945 
0.3657473 
0.4207912 
0.35778925 
0.3098544 
0.30844927 
0.32845807 
0.31702995 
0.34645414 
0.3149177 
0.34756064 
0.3248893 
0.3316748 
0.3333835 
0.5193049 
0.5063293 
0.36829722 
0.29572767 
0.2886616 
0.31051397 
0.32919967 
0.34750226 
0.35714477 
0.42053133 
0.34208483 
0.33484334 
0.28598067 
0.3367067 
0.32252395 
0.29546657 
0.24985185 
0.27443224 
0.31585476 
0.328389 
0.280269 
0.3073219 
0.29568624 
0.27060398 
0.3390177 
0.4288831 
0.5026437 
0.33187127 
0.28473455 
0.3300627 
0.27224338 
0.30248803 
0.3305291 
0.29373562 
0.33542055 
0.387628 
0.31857222 
0.29453152 
0.30284473 
0.30103755 
0.30173963 
0.2834069 
0.27482462 
0.296454 
0.35115457 
0.33530277 
0.2912008 
0.29287344 
0.28503117 
0.3145214 
0.33682418 
0.31080866 
0.3139944 
0.38564205 
0.41918513 
0.44199175 
0.31934428 
0.29155868 
0.30199522 
0.3314265 
0.31364703 
0.31757477 
0.29670027 
0.28001058 
0.28291717 
0.30823675 
0.39181983 
0.3703406 
0.31611672 
0.32775614 
0.29745007 
0.2952233 
0.25833347 
0.2559382 
0.24336055 
0.27669144 
0.33506584 
0.5205194 
0.33220798 
0.27343053 
0.29970646 
0.3107922 
0.39468807 
0.34578088 
0.3567659 
0.27477348 
0.27603042 
0.26613057 
0.28448763 
0.2611466 
0.26418465 
0.29871196 
0.35809064 
0.33199763 
0.33032066 
0.2516768 
0.27003047 
0.2691604 
0.26807112 
0.30464137 
0.34484306 
0.29839626 
0.24567348 
0.2592064 
0.28837046 
0.28518605 
0.30199206 
0.27269495 
0.27839795 
0.26017863 
0.29318494 
0.28835076 
0.26588804 
0.26886898 
0.33443773 
0.32750666 
0.2555493 
0.29613966 
0.23421127 
0.25903264 
0.2610387 
0.28519067 
0.2988225 
0.29172358 
0.31228945 
0.38988426 
0.284665 
0.28571105 
0.2729391 
0.2483971 
0.24061036 
0.24872747 
0.24530491 
0.28202468 
0.30490974 
0.3086012 
0.29547653 
0.28174353 
0.2847987 
0.26232865 
0.3049144 
0.28314164 
0.29930037 
0.25967857 
0.28081846 
0.25494292 
0.25234216 
0.23853576 
0.25993517 
0.2934351 
0.27913895 
0.32755417 
0.3309244 
0.28833228 
0.25666684 
0.25530505 
0.22388327 
0.20946594 
0.2407439 
0.27201563 
0.306529 
0.25874114 
0.25045717 
0.25019798 
0.24826024 
0.22821587 
0.25342596 
0.29063642 
0.31098312 
0.24413878 
0.29236186 
0.2767163 
0.23774542 
0.22122157 
0.22178292 
0.19811225 
0.20784736 
0.23851131 
0.34355295 
0.34025544 
0.24090049 
0.25967342 
0.26412997 
0.26725835 
0.21984068 
0.21646897 
0.24263515 
0.2282253 
0.2438841 
0.20395094 
0.23211643 
0.25071847 
0.3008595 
0.26332724 
0.22432302 
0.23826113 
0.25444984 
0.3050792 
0.22300568 
0.19203731 
0.19574656 
0.19009966 
0.17453247 
0.18050906 
0.18620294 
0.2188399 
0.29044792 
0.26092422 
0.24380401 
0.2560074 
0.2201715 
0.21743193 
0.2193607 
0.27972445 
0.29203844 
0.25353283 
0.18267033 
0.16423048 
0.21558759 
0.27497002 
0.3179484 
0.22929417 
0.19717385 
0.22711349 
0.22248198 
0.20153388 
0.18517524 
0.20638695 
0.17737074 
0.1597074 
0.19131385 
0.19394697 
0.20987615 
0.19214708 
0.17091689 
0.16338296 
0.16772428 
0.20335549 
0.24416408 
0.28669107 
0.28455862 
0.20116511 
0.1683525 
0.16961199 
0.14076357 
0.14792818 
0.14192368 
0.18716365 
0.19173214 
0.2024971 
0.2107135 
0.19529112 
0.15803304 
0.14287983 
0.12485805 
0.14369658 
0.18046889 
0.26475665 
0.3495134 
0.18089962 
0.1827383 
0.22801402 
0.22666904 
0.23414901 
0.18975714 
0.18286407 
0.15304114 
0.13775958 
0.14246382 
0.15382653 
0.15344897 
0.1761455 
0.14377671 
0.16943568 
0.18025297 
0.15399131 
0.13080688 
0.1594428 
0.13659374 
0.18572637 
0.19694865 
0.23762646 
0.2385597 
0.16275369 
0.15420738 
0.15395972 
0.19519812 
0.15638687 
0.17852512 
0.16517389 
0.16151913 
0.14490429 
0.12445056 
0.11130066 
0.11636926 
0.12279865 
0.12344364 
0.12717173 
0.11805354 
0.12888113 
0.15930705 
0.2484326 
0.24340451 
0.23681286 
0.18068793 
0.20175567 
0.28530788 
0.26503992 
0.18737179 
0.18225901 
0.13541834 
0.12774253 
0.13115536 
0.115648 
0.11361701 
0.102017924 
0.09979112 
0.103190064 
0.11654853 
0.12485448 
0.14272158 
0.13984852 
0.13394439 
0.12588087 
0.11043309 
0.108481415 
0.087271735 
0.094610676 
0.12547004 
0.15918736 
0.19608691 
0.23248456 
0.16584194 
0.17532589 
0.17132314 
0.14880125 
0.14349857 
0.14516869 
0.14570627 
0.15022533 
0.14474805 
0.1301146 
0.10920276 
0.10131606 
0.08257255 
0.10884306 
0.108354114 
0.11210194 
0.09711437 
0.10282944 
0.103538215 
0.0917135 
0.104058616 
0.10645456 
0.1150189 
0.1190637 
0.15355158 
0.20792508 
0.28622878 
0.20568657 
0.19892703 
0.17403027 
0.18994078 
0.12217125 
0.13330239 
0.14937367 
0.13316484 
0.10174127 
0.09079935 
0.08922389 
0.11305108 
0.12901363 
0.10403713 
0.11006676 
0.08486855 
0.08278535 
0.09702864 
0.112109296 
0.13078567 
0.14666712 
0.1371223 
0.14627576 
0.12099484 
0.08957365 
0.14637116 
0.1947909 
0.2143262 
0.19059366 
0.15004452 
0.16505949 
0.11652543 
0.10241191 
0.11534701 
0.11899039 
0.11673428 
0.15194108 
0.13950478 
0.15866292 
0.15898296 
0.13242961 
0.12930495 
0.12272522 
0.1214332 
0.12253905 
0.1311826 
0.109806195 
0.1792875 
0.20726955 
0.27245712 
0.27524894 
0.20244685 
0.19009387 
0.18248717 
0.17059107 
0.1447603 
0.15235119 
0.21760443 
0.20291963 
0.1608246 
0.1049401 
0.16719206 
0.13163333 
0.11718544 
0.14549337 
0.15552375 
0.14674328 
0.18724252 
0.19868976 
0.16912699 
0.17557782 
0.19864318 
0.22136252 
0.2513786 
0.21854556 
0.3028874 
0.2078642 
0.2046141 
0.20141095 
0.17137238 
0.15246922 
0.21720347 
0.2095116 
0.29621956 
0.26660877 
0.3413844 
0.21462181 
0.1781553 
0.1911225 
0.1962269 
0.18682984 
0.17468925 
0.17106643 
0.18332845 
0.16739 
0.14583589 
0.16612074 
0.1883972 
0.17233129 
0.1657604 
0.18670286 
0.15888765 
0.18417941 
0.19870543 
0.3033646 
0.327765 
0.34558916 
0.2542836 
0.22851595 
0.22452027 
0.18184 
0.17792258 
0.16524896 
0.18357441 
0.1896775 
0.1858024 
0.16993149 
0.1776017 
0.17265281 
0.16525231 
0.18428025 
0.2301242 
0.25354752 
0.25817633 
0.1912207 
0.17504977 
0.19439694 
0.18968797 
0.17526942 
0.19540411 
0.17812407 
0.18985254 
0.17611665 
0.18751335 
0.1788233 
0.1471751 
0.13926455 
0.1390346 
0.19479904 
0.3086564 
0.3586613 
0.18383151 
0.17076454 
0.15582842 
0.13991544 
0.13944456 
0.15405735 
0.170006 
0.16568565 
0.15578948 
0.17902039 
0.15111248 
0.1948858 
0.15367997 
0.145955 
0.1657708 
0.17978199 
0.20288402 
0.19064108 
0.13889742 
0.14669397 
0.16206878 
0.16264169 
0.15290946 
0.1429118 
0.13748616 
0.12111428 
0.12675792 
0.15740493 
0.21874867 
0.23062333 
0.25212434 
0.21127921 
0.13094868 
0.14319462 
0.14365995 
0.14585468 
0.14002897 
0.15374793 
0.13905728 
0.1496095 
0.15718359 
0.17230704 
0.20599464 
0.16825402 
0.17027143 
0.15944505 
0.11546269 
0.117875494 
0.117500514 
0.1288269 
0.14574791 
0.19497621 
0.14698327 
0.124002725 
0.10092638 
0.10917877 
0.10691252 
0.1049484 
0.13294613 
0.14003482 
0.13293971 
0.14844498 
0.18612015 
0.14120741 
0.12337957 
0.10317841 
0.10816531 
0.098641194 
0.13507816 
0.1737138 
0.22477663 
0.31391105 
0.23308282 
0.2295413 
0.16607122 
0.10784307 
0.11920833 
0.1314788 
0.12724075 
0.15550669 
0.10313336 
0.09301063 
0.08931991 
0.107546024 
0.119983464 
0.17385843 
0.13798158 
0.09390023 
0.118224196 
0.13966738 
0.14688192 
0.1544596 
0.19190949 
0.19278342 
0.17858683 
0.14584708 
0.11567558 
0.106362626 
0.11985879 
0.11299725 
0.10741162 
0.08585629 
0.08916594 
0.12616168 
0.13035257 
0.105116054 
0.08700471 
0.089586616 
0.089717194 
0.10744287 
0.12373885 
0.15386659 
0.14681812 
0.139321 
0.16185883 
0.2293673 
0.19617896 
0.123378426 
0.10631305 
0.11936025 
0.12505779 
0.10658933 
0.08802661 
0.08898829 
0.07406178 
0.08809836 
0.0968415 
0.12251957 
0.16314597 
0.13614354 
0.13223892 
0.13535818 
0.20175168 
0.22052366 
0.20034811 
0.120912015 
0.13056947 
0.10654613 
0.106571235 
0.1028679 
0.09901194 
0.095347546 
0.09439419 
0.116683155 
0.106336005 
0.09408982 
0.106573634 
0.12838015 
0.11210138 
0.119371474 
0.20314246 
0.4299694 
0.2905146 
0.14487049 
0.12510493 
0.10998395 
0.11470561 
0.09031073 
0.08758576 
0.09435657 
0.09261033 
0.10250954 
0.093823686 
0.07795408 
0.11451629 
0.120614015 
0.11819214 
0.13674352 
0.1134161 
0.13789596 
0.15424687 
0.12931989 
0.07890016 
0.07717138 
0.08113709 
0.066976525 
0.07584258 
0.07123394 
0.094122455 
0.11059962 
0.11586394 
0.119690105 
0.10522814 
0.18148278 
0.14855623 
0.13950765 
0.12254036 
0.12826233 
0.17551935 
0.2120798 
0.15626332 
0.12321383 
0.0957018 
0.12930326 
0.14335954 
0.17372929 
0.16963336 
0.13438988 
0.10099429 
0.108909644 
0.10307522 
0.07846757 
0.078194514 
0.07832943 
0.111005865 
0.10375558 
0.119532496 
0.1544708 
0.11094459 
0.09275071 
0.09929403 
0.07284838 
0.090684995 
0.08071595 
0.101900704 
0.084537655 
0.083483055 
0.14170314 
0.27089113 
0.29471517 
0.17966205 
0.15528893 
0.120593764 
0.0952357 
0.09252772 
0.07806327 
0.08343031 
0.07968377 
0.082499795 
0.0883871 
0.109216526 
0.11166513 
0.13962081 
0.09812465 
0.0724399 
0.07704643 
0.12211521 
0.13854791 
0.16749178 
0.20592254 
0.14697266 
0.10490377 
0.09015173 
0.07525218 
0.072027445 
0.07787603 
0.08044698 
0.08558804 
0.07199069 
0.09674455 
0.14478275 
0.2371647 
0.2321524 
0.19105716 
0.23852164 
0.227192 
0.09314416 
0.0776903 
0.077538885 
0.07864514 
0.07540027 
0.09083109 
0.093473114 
0.06096367 
0.072056755 
0.076352745 
0.064789236 
0.07560547 
0.076150335 
0.079476446 
0.08179688 
0.09108436 
0.091270804 
0.08921398 
0.09982976 
0.106238134 
0.14379552 
0.19599637 
0.18741865 
0.19973826 
0.14474547 
0.12033687 
0.09950572 
0.08308655 
0.082656704 
0.07410173 
0.07248278 
0.07985216 
0.06917917 
0.060506884 
0.06604631 
0.07423301 
0.086833 
0.10179095 
0.07434542 
0.06385094 
0.080164 
0.0654767 
0.077564955 
0.107928954 
0.16340081 
0.22287153 
0.23864216 
0.13289958 
0.12203343 
0.07599811 
0.06820007 
0.061671447 
0.080732845 
0.09180119 
0.05789587 
0.072361894 
0.0807219 
0.08475768 
0.10144229 
0.10528171 
0.10156577 
0.06975898 
0.06726344 
0.050464507 
0.06461768 
0.05968921 
0.062537886 
0.06223248 
0.06255468 
0.0749303 
0.08873743 
0.06321181 
0.05804973 
0.064403675 
0.07946198 
0.0773438 
0.06705424 
0.068426214 
0.059148937 
0.049456272 
0.056005955 
0.058574803 
0.07129611 
0.061241936 
0.057818443 
0.059165545 
0.07765506 
0.07509881 
0.089132026 
0.14013073 
0.14789115 
0.17513317 
0.2426934 
0.25906736 
0.12713829 
0.08660321 
0.090121195 
0.097283654 
0.09088184 
0.08253941 
0.08819653 
0.08221155 
0.07996757 
0.081992656 
0.07138657 
0.06333153 
0.058137245 
0.06116136 
0.062013093 
0.07095538 
0.06819604 
0.0784007 
0.101809636 
0.09899246 
0.11108716 
0.13625392 
0.21268442 
0.17862898 
0.13771811 
0.13385586 
0.11913358 
0.0999239 
0.06602897 
0.06494408 
0.061492354 
0.054959282 
0.07518128 
0.09012877 
0.08817132 
0.08495648 
0.15962867 
0.17871709 
0.1863618 
0.14410554 
0.09175216 
0.079909414 
0.06438196 
0.06923948 
0.06275284 
0.06312564 
0.06612791 
0.060586754 
0.08022739 
0.0802974 
0.062894225 
0.07994588 
0.09406425 
0.12042639 
0.12152443 
0.083981425 
0.06809783 
0.04709721 
0.04815498 
0.050744537 
0.05772137 
0.05768032 
0.057688054 
0.056015875 
0.057958238 
0.06475005 
0.0699316 
0.066988505 
0.08250221 
0.10588229 
0.14055021 
0.14279982 
0.17809132 
0.19802167 
0.10672463 
0.08022863 
0.083335966 
0.08037415 
0.080990985 
0.10918596 
0.119229645 
0.11499712 
0.08909963 
0.06847159 
0.077666715 
0.06479445 
0.060172316 
0.055829536 
0.06831013 
0.0520545 
0.06715052 
0.07007544 
0.096503004 
0.13036846 
0.107376084 
0.14586796 
0.117037706 
0.12956297 
0.10855199 
0.098069705 
0.09502762 
0.08360932 
0.07955345 
0.109001726 
0.10219758 
0.14830017 
0.098414466 
0.09625961 
0.10474117 
0.1183202 
0.099220276 
0.102149576 
0.07896681 
0.07042374 
0.07452662 
0.07565518 
0.08385925 
0.083904065 
0.06423831 
0.06878325 
0.0780565 
0.06350371 
0.06463781 
0.06970489 
0.098689005 
0.18277662 
0.24887846 
0.232096 
0.17389521 
0.07279265 
0.07155658 
0.060307823 
0.079070486 
0.06556459 
0.059442203 
0.059525773 
0.054577656 
0.06118056 
0.054347202 
0.07394306 
0.081043445 
0.08753973 
0.114027046 
0.11221008 
0.085648276 
0.0801406 
0.09127132 
0.10320915 
0.098147675 
0.09236773 
0.0795037 
0.057248317 
0.06496694 
0.06326842 
0.06797421 
0.087691516 
0.13421284 
0.16609143 
0.13945359 
0.117946416 
0.07982671 
0.08226127 
0.055649877 
0.07733459 
0.06375608 
0.08666515 
0.08583854 
0.0912997 
0.075503804 
0.06335527 
0.06717968 
0.08143764 
0.057880044 
0.05378495 
0.06222028 
0.07724375 
0.08240683 
0.16138628 
0.22192779 
0.34835255 
0.23694633 
0.18605441 
0.20375095 
0.10354244 
0.07645106 
0.087728694 
0.07493124 
0.06637852 
0.061236933 
0.06780573 
0.07701762 
0.07291196 
0.057842515 
0.07697263 
0.07684094 
0.055779584 
0.06935295 
0.06832802 
0.063111745 
0.058450274 
0.05164563 
0.059806716 
0.06454542 
0.071432024 
0.09464281 
0.13092346 
0.2017433 
0.21309456 
0.20372835 
0.10466626 
0.092038095 
0.08588766 
0.08745806 
0.06628288 
0.0583251 
0.06825642 
0.063711576 
0.069487214 
0.0813455 
0.09187025 
0.057188958 
0.057865214 
0.061246864 
0.054883227 
0.04445248 
0.056281447 
0.04890235 
0.059044763 
0.076109946 
0.083705455 
0.08462011 
0.07597609 
0.07496966 
0.059735257 
0.06586899 
0.075170346 
0.08677781 
0.07057711 
0.064953156 
0.06503705 
0.06760052 
0.0944104 
0.1459053 
0.14562917 
0.17038062 
0.13454896 
0.0957358 
0.056510456 
0.058377303 
0.05789356 
0.056636017 
0.053873323 
0.06042238 
0.055366058 
0.05209866 
0.044935275 
0.049944386 
0.04475687 
0.050052457 
0.04692189 
0.04562017 
0.050041042 
0.04597363 
0.07697953 
0.06061133 
0.07239619 
0.10117452 
0.1978712 
0.16626264 
0.14388117 
0.13058022 
0.12401681 
0.1354501 
0.08923509 
0.07163136 
0.07298723 
0.06292185 
0.06731255 
0.061732933 
0.05486332 
0.05047427 
0.070694014 
0.042563967 
0.050699204 
0.06490206 
0.054613493 
0.05562984 
0.060191784 
0.051148556 
0.04762288 
0.053121977 
0.05259278 
0.06711325 
0.07031115 
0.060034856 
0.06820786 
0.10527209 
0.15137734 
0.21242267 
0.2054035 
0.17077665 
0.10969087 
0.09547065 
0.08820105 
0.08083844 
0.07159897 
0.055266887 
0.074324824 
0.06176399 
0.06812504 
0.0695426 
0.06796625 
0.054990932 
0.06007016 
0.07576145 
0.0736273 
0.08979866 
0.081315175 
0.05719568 
0.055122957 
0.067931384 
0.06535129 
0.05788799 
0.0636983 
0.07790299 
0.092088 
0.07770754 
0.12743884 
0.20685634 
0.28657967 
0.15279977 
0.077229455 
0.094284676 
0.092514634 
0.0838294 
0.11101411 
0.11369344 
0.10934566 
0.075357065 
0.07223965 
0.12704518 
0.16191852 
0.20395131 
0.15034808 
0.12286025 
0.11844698 
0.086397514 
0.06858551 
0.06424082 
0.07171603 
0.056188438 
0.055248946 
0.06479363 
0.06595589 
0.06375192 
0.06059519 
0.06629644 
0.061906274 
0.06335892 
0.06900656 
0.085392386 
0.08511037 
0.067195624 
0.05590509 
0.07522807 
0.06054245 
0.05595997 
0.06479897 
0.0658067 
0.066396974 
0.05471486 
0.05988949 
0.072168134 
0.10379702 
0.17207804 
0.18955076 
0.1874856 
0.16311571 
0.13726404 
0.09210612 
0.082255185 
0.08362389 
0.062311813 
0.071437865 
0.07627346 
0.07703394 
0.0684336 
0.079355165 
0.07515858 
0.079199836 
0.10327989 
0.0907199 
0.07385326 
0.060261846 
0.052078925 
0.055611625 
0.051799472 
0.048132725 
0.057406217 
0.07340911 
0.04979797 
0.04738026 
0.053391688 
0.060032256 
0.06683484 
0.09121959 
0.109553896 
0.16142619 
0.09013657 
0.055818066 
0.06325303 
0.042204525 
0.054984275 
0.03954859 
0.04187283 
0.04250215 
0.062357284 
0.06391088 
0.065284945 
0.078740165 
0.07255137 
0.0826252 
0.09889105 
0.12814918 
0.18942016 
0.13411327 
0.117225975 
0.103540555 
0.085690275 
0.06824453 
0.073143765 
0.057526335 
0.06585187 
0.076114915 
0.09810633 
0.123407036 
0.13392562 
0.10247679 
0.09515937 
0.07003403 
0.05878997 
0.05553062 
0.057327904 
0.05434069 
0.05114773 
0.05307351 
0.044943377 
0.04518944 
0.04567036 
0.043058727 
0.060350306 
0.058470998 
0.04859983 
0.04386086 
0.054281455 
0.0432354 
0.04042138 
0.047464248 
0.063839 
0.06820591 
0.07155477 
0.05318696 
0.06551041 
0.06589826 
0.082556486 
0.115600035 
0.108038545 
0.115227066 
0.0714793 
0.058683366 
0.054923784 
0.04908761 
0.049758613 
0.06117145 
0.05732192 
0.062152646 
0.078091726 
0.08095664 
0.103914395 
0.0933015 
0.086843476 
0.05512426 
0.04733769 
0.044491895 
0.06405473 
0.054611992 
0.052464645 
0.041391496 
0.053392578 
0.098458916 
0.13250178 
0.17422473 
0.106139615 
0.08432683 
0.069099605 
0.080555424 
0.09187641 
0.11555657 
0.07531953 
0.06714421 
0.0839171 
0.10463889 
0.09734425 
0.13358292 
0.12379804 
0.091434725 
0.05137504 
0.05778424 
0.059347644 
0.06078897 
0.06734465 
0.101902716 
0.1702814 
0.14723763 
0.124369 
0.11081718 
0.07378434 
0.07014099 
0.056046527 
0.06331746 
0.083184175 
0.07483743 
0.06580302 
0.05926943 
0.06904819 
0.073652685 
0.05790705 
0.070007846 
0.06495945 
0.07404649 
0.08473556 
0.054226384 
0.058007233 
0.04905977 
0.068995014 
0.06903365 
0.06899333 
0.06505467 
0.07180786 
0.062090382 
0.07034597 
0.07571628 
0.0732701 
0.05718577 
0.07687658 
0.05644018 
0.054898098 
0.043303616 
0.053470947 
0.067053884 
0.08152139 
0.123116106 
0.23145434 
0.27690127 
0.1354078 
0.056467142 
0.07282209 
0.06576508 
0.05360721 
0.055286065 
0.050276045 
0.048847202 
0.057692654 
0.038906485 
0.055982824 
0.06913392 
0.06680319 
0.061196215 
0.04543234 
0.043878004 
0.06766865 
0.076359 
0.11091792 
0.12684289 
0.1340766 
0.11888513 
0.07602182 
0.05956341 
0.06436959 
0.048937872 
0.059863426 
0.06539888 
0.06353648 
0.05370029 
0.05689258 
0.052740395 
0.06609852 
0.06584397 
0.07020773 
0.067237034 
0.054060113 
0.051931575 
0.049958825 
0.04536307 
0.044968203 
0.05696687 
0.07865366 
0.07491118 
0.10594514 
0.1709539 
0.21670067 
0.10277462 
0.08625656 
0.064238295 
0.05837189 
0.053169813 
0.053711265 
0.077547945 
0.10078104 
0.09785966 
0.08003699 
0.07296665 
0.07418717 
0.07498413 
0.12333858 
0.098064415 
0.07514383 
0.09221044 
0.07097192 
0.0794872 
0.06196622 
0.07075806 
0.060106426 
0.083216384 
0.059948653 
0.063346826 
0.059600294 
0.047894843 
0.053877063 
0.08332638 
0.07323317 
0.07385156 
0.107218236 
0.17330585 
0.32258117 
0.45337513 
0.32526612 
0.2534121 
0.12980178 
0.08285427 
0.07945941 
0.06910643 
0.06559374 
0.058114763 
0.06128174 
0.056138027 
0.05301348 
0.048981216 
0.056726806 
0.055507675 
0.04344122 
0.058151025 
0.067736894 
0.07004028 
0.11799609 
0.124833494 
0.11419475 
0.09505559 
0.0757664 
0.054283217 
0.047659256 
0.04283475 
0.042985264 
0.055562124 
0.047745842 
0.054139316 
0.050505735 
0.055755146 
0.05485427 
0.052102868 
0.040666368 
0.052062176 
0.055001672 
0.05450406 
0.049899027 
0.06536966 
0.06689007 
0.04492848 
0.054037765 
0.05092592 
0.050817154 
0.055344015 
0.050024573 
0.04119199 
0.040883936 
0.04425226 
0.04465861 
0.037939914 
0.037210874 
0.033840157 
0.039361805 
0.037902843 
0.03673359 
0.046121806 
0.047784857 
0.061695322 
0.07383521 
0.067557625 
0.066611424 
0.10505785 
0.11782725 
0.13410398 
0.10166557 
0.09536026 
0.1168832 
0.121925615 
0.06947062 
0.066717565 
0.062265094 
0.064021 
0.07167272 
0.06524692 
0.063688494 
0.05956885 
0.055471268 
0.0446394 
0.053750835 
0.044699494 
0.056252506 
0.09076704 
0.15167089 
0.17947206 
0.2667784 
0.14301333 
0.114797525 
0.10808153 
0.08935294 
0.053502876 
0.041236978 
0.052357405 
0.052292287 
0.051270913 
0.057890303 
0.071945116 
0.06883313 
0.067290485 
0.05840203 
0.05688849 
0.05336319 
0.053230368 
0.053037956 
0.07198689 
0.08129762 
0.05844778 
0.057351504 
0.033450376 
0.039799273 
0.053657353 
0.050770536 
0.07306011 
0.08811484 
0.07794698 
0.057085454 
0.04499899 
0.061082434 
0.059271634 
0.048510246 
0.06897788 
0.0860654 
0.07812159 
0.09009498 
0.109544635 
0.13908441 
0.15078175 
0.16045506 
0.09974562 
0.08883456 
0.05726529 
0.0649192 
0.07025031 
0.056593 
0.05841752 
0.053666353 
0.05400522 
0.048817106 
0.04993418 
0.045163333 
0.044047654 
0.044193495 
0.04823705 
0.051040236 
0.058114186 
0.059133794 
0.05413967 
0.04238632 
0.03982998 
0.03894306 
0.05397067 
0.053075828 
0.05153467 
0.04991676 
0.04266134 
0.06711002 
0.087188825 
0.10510579 
0.05277077 
0.06595144 
0.050971057 
0.054896995 
0.040077817 
0.03882643 
0.043704834 
0.06067598 
0.104896426 
0.14036153 
0.14507394 
0.1461995 
0.09004025 
0.04170094 
0.05217146 
0.0622152 
0.041328587 
0.047629766 
0.04616914 
0.053286456 
0.049535573 
0.035054967 
0.044799414 
0.054355823 
0.054586034 
0.05207508 
0.071945645 
0.0667958 
0.06255688 
0.05813624 
0.061271258 
0.041229293 
0.03923796 
0.042566895 
0.038286455 
0.031046446 
0.03677646 
0.04413855 
0.0543655 
0.07067713 
0.09259973 
0.106222145 
0.09476158 
0.10633263 
0.07646862 
0.06102691 
0.07670835 
0.090588786 
0.07287567 
0.057628818 
0.05156602 
0.042725563 
0.05052041 
0.058527548 
0.0537084 
0.05458576 
0.046455853 
0.08156369 
0.069070674 
0.03812381 
0.041458473 
0.058952883 
0.07296489 
0.08929135 
0.108700216 
0.18716398 
0.20245236 
0.08772428 
0.1029403 
0.14040142 
0.11896701 
0.08806415 
0.065516576 
0.07538742 
0.06762259 
0.049852703 
0.054546274 
0.06475978 
0.07757052 
0.079514876 
0.06347896 
0.0482752 
0.045541756 
0.042938553 
0.05532503 
0.059350975 
0.07283911 
0.08258568 
0.07564421 
0.063407354 
0.06432753 
0.043049537 
0.0555648 
0.057614874 
0.05940268 
0.10375142 
0.13078438 
0.16472393 
0.20564005 
0.14206219 
0.08441423 
0.07025316 
0.07158524 
0.08790508 
0.11486112 
0.081255734 
0.08475313 
0.08544535 
0.065180324 
0.070454136 
0.07179791 
0.074418336 
0.062407263 
0.06553681 
0.06261764 
0.064484105 
0.07893373 
0.106141225 
0.16676524 
0.21152526 
0.14809887 
0.1424376 
0.12238967 
0.06322283 
0.044795066 
0.05309354 
0.048728295 
0.052719153 
0.042627353 
0.040362827 
0.05606676 
0.05528011 
0.04139373 
0.051212154 
0.050964065 
0.058835573 
0.06651278 
0.05080474 
0.05864007 
0.0676156 
0.07178512 
0.065345064 
0.06108964 
0.04389005 
0.04685607 
0.048281446 
0.050427996 
0.057448044 
0.04646735 
0.05063659 
0.05145953 
0.04601474 
0.07088158 
0.10731295 
0.10250127 
0.068054385 
0.06777467 
0.040834114 
0.052218515 
0.046693414 
0.07812931 
0.08036411 
0.088954054 
0.11604029 
0.111572355 
0.10828154 
0.05772746 
0.05106748 
0.052203506 
0.05871024 
0.048246738 
0.047234293 
0.046747066 
0.045671936 
0.037960555 
0.041345447 
0.04571131 
0.05005219 
0.052976258 
0.044217438 
0.048503116 
0.05270136 
0.041988313 
0.040692985 
0.05211371 
0.046740588 
0.043375682 
0.044318527 
0.05245679 
0.059035692 
0.081512176 
0.13771185 
0.15681566 
0.09455919 
0.0903524 
0.09282957 
0.10500987 
0.12831847 
0.09178099 
0.08381478 
0.072498284 
0.058118403 
0.05186898 
0.090649255 
0.10020847 
0.09733938 
0.07728481 
0.082417645 
0.092856765 
0.08827523 
0.062221143 
0.051429436 
0.040645488 
0.046965294 
0.0498913 
0.04736712 
0.053491887 
0.058763135 
0.06404509 
0.06866256 
0.066775925 
0.08712914 
0.09086361 
0.10150541 
0.06810749 
0.06044843 
0.076313004 
0.05643414 
0.051626585 
0.044853106 
0.037729517 
0.036590327 
0.034974977 
0.044848412 
0.06450403 
0.07952058 
0.13578092 
0.20849921 
0.20973146 
0.15473002 
0.16409233 
0.076680124 
0.069956675 
0.052651428 
0.04543677 
0.054285854 
0.05050003 
0.051553342 
0.054848846 
0.06141243 
0.050758034 
0.044528972 
0.051272508 
0.045014765 
0.044656653 
0.05103378 
0.050120078 
0.047419466 
0.056443132 
0.08693503 
0.13408986 
0.1637884 
0.14067987 
0.11476123 
0.065208286 
0.058412027 
0.06480357 
0.056900665 
0.05490967 
0.055821612 
0.041758325 
0.034273013 
0.036480576 
0.035010546 
0.046499975 
0.044594586 
0.035222717 
0.0500063 
0.05204691 
0.051937975 
0.05471217 
0.060776446 
0.06922031 
0.068382755 
0.0921676 
0.092505634 
0.046007358 
0.04732883 
0.04038973 
0.045057 
0.05126553 
0.053800244 
0.06865775 
0.10586798 
0.13737519 
0.119015925 
0.07442866 
0.049968787 
0.050637282 
0.057111375 
0.03269507 
0.04425449 
0.04333923 
0.044138245 
0.055825435 
0.07144001 
0.08977263 
0.119093746 
0.11218076 
0.13151658 
0.20279968 
0.14954697 
0.11958206 
0.10315621 
0.057462975 
0.04854817 
0.033862047 
0.052730188 
0.061491244 
0.060606163 
0.07357252 
0.07271257 
0.054078095 
0.048946157 
0.05423448 
0.044400707 
0.06622641 
0.062147096 
0.04905904 
0.048444457 
0.05001809 
0.04344945 
0.07850527 
0.093698785 
0.10225018 
0.12089417 
0.10312171 
0.10195286 
0.12846291 
0.10538911 
0.07291983 
0.06690485 
0.06165498 
0.06810199 
0.07289432 
0.063095264 
0.05954095 
0.065480426 
0.079623714 
0.07393009 
0.04953052 
0.052199252 
0.05275288 
0.042468373 
0.047648184 
0.057188354 
0.07112185 
0.098765284 
0.10297457 
0.10047252 
0.07581618 
0.065450266 
0.049053866 
0.07018141 
0.0905963 
0.08690204 
0.08833396 
0.14117667 
0.1548411 
0.13713709 
0.1338551 
0.080196634 
0.05113112 
0.04899731 
0.056251332 
0.0489294 
0.05257207 
0.060479634 
0.041135047 
0.03857609 
0.046878092 
0.053789727 
0.052164324 
0.055071026 
0.05553739 
0.058165304 
0.05649784 
0.09007275 
0.07503245 
0.06519113 
0.07580435 
0.08183393 
0.09833616 
0.07866155 
0.050151452 
0.04649642 
0.060563248 
0.073483214 
0.087310836 
0.085706696 
0.08658642 
0.08239749 
0.074730396 
0.068842664 
0.065624595 
0.053260867 
0.051417716 
0.044235248 
0.053351667 
0.046180323 
0.055257823 
0.08452281 
0.082306534 
0.08457263 
0.06194138 
0.055861954 
0.08937967 
0.11009267 
0.08137022 
0.0771257 
0.080681756 
0.06250825 
0.06840442 
0.059124213 
0.055259395 
0.047388434 
0.06562984 
0.087518245 
0.08569002 
0.058145367 
0.04068471 
0.0427098 
0.045819018 
0.050909244 
0.05689946 
0.05412717 
0.04981651 
0.045805216 
0.051438555 
0.04649288 
0.048665196 
0.04712744 
0.056234144 
0.06965369 
0.0575979 
0.06461914 
0.057723068 
0.054978255 
0.06950517 
0.055567108 
0.04925365 
0.036084723 
0.062295154 
0.06989379 
0.07396482 
0.083445445 
0.065397814 
0.06338981 
0.063486665 
0.037855193 
0.04963801 
0.0378725 
0.042526726 
0.04306799 
0.045166295 
0.049220767 
0.03836136 
0.056277297 
0.07980724 
0.102013715 
0.16367307 
0.18916224 
0.27736646 
0.3379714 
0.12023287 
0.086500175 
0.069769844 
0.07849027 
0.07980445 
0.054883726 
0.052683007 
0.036429305 
0.03966766 
0.047887333 
0.042461816 
0.062047847 
0.06576093 
0.08439003 
0.07651328 
0.05230589 
0.07165809 
0.07332216 
0.092133544 
0.08437388 
0.06390047 
0.042439483 
0.053984124 
0.03611719 
0.06813913 
0.063857324 
0.04763634 
0.04126194 
0.047615644 
0.06378114 
0.07885964 
0.11016886 
0.11116652 
0.06809302 
0.072935715 
0.057919577 
0.04428213 
0.037826207 
0.042755388 
0.04875918 
0.041554645 
0.054706395 
0.076785654 
0.082630716 
0.059887607 
0.05013658 
0.03813079 
0.04367359 
0.04483714 
0.036049526 
0.042478956 
0.045055285 
0.039331727 
0.037464388 
0.054363288 
0.07462743 
0.1124013 
0.15502095 
0.22602428 
0.092532545 
0.0595866 
0.047610536 
0.047199596 
0.052545477 
0.042934615 
0.06259064 
0.042009145 
0.03403774 
0.054123055 
0.034811664 
0.039644353 
0.046121728 
0.052647073 
0.049262397 
0.04428123 
0.051663194 
0.06903156 
0.07409716 
0.063329056 
0.1081405 
0.09796366 
0.075827055 
0.0657165 
0.04829478 
0.03349835 
0.037323244 
0.046292298 
0.06750053 
0.06539557 
0.050353892 
0.049786963 
0.039609496 
0.058627002 
0.06472873 
0.08487029 
0.050075244 
0.053327188 
0.04313141 
0.041651744 
0.040602323 
0.048467975 
0.045715503 
0.042039566 
0.038935855 
0.058787197 
0.036972452 
0.0329806 
0.03478512 
0.03671581 
0.036459133 
0.036772132 
0.07659316 
0.100998044 
0.05499649 
0.045584653 
0.050310366 
0.06419399 
0.09154395 
0.10977613 
0.086737745 
0.041340772 
0.055818092 
0.049982987 
0.06708439 
0.06488745 
0.05129098 
0.049311474 
0.05751648 
0.06895432 
0.056842297 
0.036731035 
0.034777056 
0.04262477 
0.044019938 
0.054952994 
0.070107006 
0.06779661 
0.05073929 
0.046917364 
0.03886116 
0.034775455 
0.039719343 
0.02867354 
0.042876694 
0.032327816 
0.03633409 
0.05037178 
0.092603214 
0.10156672 
0.1550829 
0.14351451 
0.12655061 
0.09452133 
0.10405262 
0.06432918 
0.07636966 
0.08268261 
0.07298872 
0.05828486 
0.054926977 
0.034632027 
0.036794484 
0.053708043 
0.03683798 
0.04554773 
0.05401229 
0.05057329 
0.043794565 
0.057759896 
0.06507197 
0.08953992 
0.11513883 
0.112414435 
0.11317299 
0.11538099 
0.14151853 
0.20482224 
0.14111194 
0.11638296 
0.11004008 
0.078379035 
0.093596205 
0.16609532 
0.10907735 
0.16431051 
0.19404404 
0.21442321 
0.10205799 
0.07991007 
0.08964272 
0.05598186 
0.050574154 
0.05388941 
0.053018786 
0.04031644 
0.044789456 
0.047731165 
0.053315647 
0.061420873 
0.04628723 
0.04280152 
0.047650613 
0.04765175 
0.053253066 
0.067859925 
0.08714938 
0.085880354 
0.07074631 
0.10455463 
0.13152131 
0.14735271 
0.12583762 
0.12622148 
0.11631873 
0.09395396 
0.08534418 
0.05758357 
0.05092896 
0.05436816 
0.055153474 
0.048018657 
0.039714787 
0.028074257 
0.05944425 
0.072603196 
0.0965291 
0.11480319 
0.08272683 
0.055316377 
0.053632766 
0.06233462 
0.0715422 
0.05699172 
0.04522986 
0.05246047 
0.05433369 
0.04059811 
0.04613032 
0.053003654 
0.041443776 
0.048750445 
0.049177643 
0.042006545 
0.042602714 
0.038077332 
0.05464636 
0.09107551 
0.14093417 
0.13134605 
0.11213261 
0.116962254 
0.10804399 
0.09939672 
0.06734663 
0.04989099 
0.05640082 
0.040375568 
0.052646335 
0.03887283 
0.041121475 
0.036897276 
0.048264228 
0.083621375 
0.09815429 
0.06491333 
0.07321907 
0.059436757 
0.047357008 
0.034103155 
0.03557065 
0.036373153 
0.04715326 
0.042718984 
0.03556229 
0.058399264 
0.057179417 
0.030592248 
0.051254053 
0.054179125 
0.07186809 
0.10340497 
0.054257385 
0.043205462 
0.037949704 
0.036637682 
0.041563593 
0.04516769 
0.04790599 
0.0514369 
0.03907413 
0.05116094 
0.046109647 
0.09344939 
0.088093236 
0.07319681 
0.05449412 
0.06412678 
0.10075468 
0.1171534 
0.09040452 
0.059397716 
0.07728495 
0.084868826 
0.050063867 
0.04342792 
0.037925698 
0.043018818 
0.036252808 
0.036237687 
0.036476567 
0.039114706 
0.049719 
0.070759535 
0.06914234 
0.054724 
0.04884858 
0.05555013 
0.048325576 
0.040736753 
0.032978684 
0.04167614 
0.032615665 
0.043179728 
0.035524786 
0.046626195 
0.056793567 
0.054309532 
0.057051748 
0.05229797 
0.037660897 
0.032275125 
0.035376024 
0.047290586 
0.049740177 
0.05770962 
0.038399614 
0.025890056 
0.040599823 
0.04001546 
0.041970916 
0.034401756 
0.025337154 
0.033616107 
0.029998964 
0.03807109 
0.03394939 
0.028830517 
0.027111005 
0.056782607 
0.03814423 
0.04179353 
0.051160723 
0.07740477 
0.056434747 
0.050511166 
0.047291446 
0.06416646 
0.08651746 
0.06376332 
0.05405789 
0.05900787 
0.02995193 
0.03895527 
0.041008428 
0.035623997 
0.034070157 
0.04626302 
0.047339976 
0.043345936 
0.035172246 
0.03585741 
0.03315378 
0.048326354 
0.12612659 
0.15868995 
0.12572119 
0.08490977 
0.04804592 
0.039817184 
0.05183547 
0.0444028 
0.05512595 
0.046284422 
0.03935719 
0.031035941 
0.043965623 
0.056830622 
0.06375675 
0.05591872 
0.050971996 
0.043751515 
0.056352522 
0.062443245 
0.032985702 
0.05156272 
0.036931798 
0.03455615 
0.046079338 
0.07107467 
0.06083121 
0.047276773 
0.048121177 
0.046852797 
0.07881874 
0.22748274 
0.4974151 
0.5931193 
0.29684246 
0.18168446 
0.114295885 
0.081206724 
0.069621466 
0.07215995 
0.07235916 
0.052027784 
0.0583364 
0.04859773 
0.044486836 
0.064820215 
0.058339745 
0.05344117 
0.03822037 
0.04672756 
0.043069534 
0.04480755 
0.040268026 
0.042734537 
0.03709685 
0.041654453 
0.044096235 
0.041789223 
0.037115313 
0.04807436 
0.040012993 
0.040191147 
0.040420756 
0.03789889 
0.040159535 
0.033261687 
0.044747025 
0.037742678 
0.036666393 
0.041757062 
0.035044722 
0.03441942 
0.032923862 
0.045977864 
0.046821643 
0.038388748 
0.030162454 
0.036325056 
0.046380576 
0.03986135 
0.04500502 
0.037272476 
0.032315157 
0.038775064 
0.027132714 
0.039026424 
0.059242547 
0.08681495 
0.12407228 
0.12804118 
0.18333139 
0.108231306 
0.083125986 
0.07297598 
0.067273706 
0.05337158 
0.04798106 
0.04145466 
0.045030747 
0.038238436 
0.036299333 
0.028981216 
0.028579867 
0.03787855 
0.038316548 
0.042818185 
0.048598126 
0.04672357 
0.038271315 
0.03846211 
0.041635662 
0.035723418 
0.02890323 
0.06589392 
0.079177976 
0.12463135 
0.045993403 
0.042714603 
0.048860177 
0.04987275 
0.06610503 
0.09554507 
0.21502194 
0.14056072 
0.12733477 
0.09596813 
0.085378855 
0.09008675 
0.072845265 
0.06767368 
0.06590001 
0.03228455 
0.04217707 
0.045409676 
0.032772355 
0.040452845 
0.041658532 
0.03204814 
0.046123326 
0.051844627 
0.065996304 
0.10916168 
0.1084729 
0.122673534 
0.18042886 
0.17273772 
0.12768553 
0.07840377 
0.08107104 
0.056836143 
0.05108999 
0.046952605 
0.040985398 
0.035834186 
0.04133252 
0.045005374 
0.034544997 
0.0435202 
0.04228294 
0.03433279 
0.03695736 
0.04005035 
0.05772032 
0.05060043 
0.04408499 
0.040775206 
0.03188893 
0.032429338 
0.03279286 
0.036523778 
0.038238257 
0.043999832 
0.06224931 
0.06939961 
0.055184804 
0.054016974 
0.05163209 
0.04973115 
0.044671383 
0.033555154 
0.033954285 
0.053700197 
0.03409229 
0.038271494 
0.058864877 
0.07554877 
0.12603518 
0.15979397 
0.09396584 
0.04751955 
0.04287294 
0.07751814 
0.072176956 
0.05413182 
0.042806197 
0.025353862 
0.040904067 
0.038308512 
0.02707556 
0.03845173 
0.053408496 
0.05593557 
0.046386484 
0.073823586 
0.08059402 
0.12464833 
0.10360905 
0.06403631 
0.04180434 
0.052706838 
0.04542134 
0.050386675 
0.041645657 
0.055822603 
0.074426346 
0.07277444 
0.057424553 
0.045785118 
0.033111718 
0.028861437 
0.034328654 
0.03850787 
0.041523717 
0.04192006 
0.051176675 
0.07151148 
0.095498145 
0.09052426 
0.0709811 
0.06200208 
0.06406882 
0.06740136 
0.06826483 
0.07182545 
0.065534376 
0.07044652 
0.048105173 
0.057620138 
0.06638853 
0.07612055 
0.12149241 
0.14543727 
0.1382505 
0.16007188 
0.062416963 
0.069681734 
0.1198679 
0.19278055 
0.14373374 
0.06841259 
0.068868004 
0.065738335 
0.055048756 
0.042869467 
0.038856335 
0.054863878 
0.046317227 
0.038634658 
0.042991556 
0.050002936 
0.051625162 
0.07609282 
0.11089691 
0.083381526 
0.07135469 
0.041921202 
0.047121525 
0.035220355 
0.0473264 
0.042817406 
0.038520306 
0.040851913 
0.034395874 
0.041377205 
0.045776535 
0.045261975 
0.027198464 
0.05197923 
0.071262844 
0.095033064 
0.09609701 
0.10494375 
0.050373748 
0.045142535 
0.037599236 
0.047568254 
0.04260139 
0.05066251 
0.05584579 
0.044753768 
0.032807976 
0.031678982 
0.05294059 
0.040477514 
0.03998829 
0.057858 
0.08974147 
0.10827551 
0.061646476 
0.046674453 
0.055320766 
0.06595184 
0.0807796 
0.052149437 
0.045953233 
0.049452774 
0.040820643 
0.031000646 
0.043346103 
0.027128525 
0.028422162 
0.024064736 
0.027584065 
0.042945813 
0.044085108 
0.0453843 
0.026766317 
0.047402546 
0.04107189 
0.029352313 
0.028581403 
0.04292389 
0.063458234 
0.13194811 
0.21168387 
0.15003881 
0.17701438 
0.21495141 
0.106090575 
0.05082153 
0.043407507 
0.033269383 
0.034496862 
0.03473579 
0.043067448 
0.043841556 
0.044713825 
0.042872947 
0.038857833 
0.02871326 
0.034059737 
0.03264309 
0.023164317 
0.042057723 
0.046826966 
0.042842615 
0.044245128 
0.045255166 
0.04598386 
0.038636412 
0.037225578 
0.02927583 
0.03018113 
0.034788128 
0.050329313 
0.124691084 
0.09845954 
0.06753578 
0.049481157 
0.04629434 
0.036862485 
0.052118924 
0.058867097 
0.072244264 
0.092533916 
0.17766093 
0.15360352 
0.16775396 
0.11950922 
0.09731596 
0.051366437 
0.04458677 
0.05681052 
0.05033841 
0.043630302 
0.030099623 
0.041253485 
0.04070794 
0.05182118 
0.06546838 
0.092650115 
0.08009141 
0.05787833 
0.042510565 
0.036912944 
0.05367495 
0.045718465 
0.057101883 
0.05975146 
0.040433288 
0.0677116 
0.04889206 
0.07609312 
0.09027897 
0.058692686 
0.053091183 
0.049929693 
0.073238365 
0.07859646 
0.08433433 
0.06374077 
0.076231256 
0.048509296 
0.06555539 
0.08503987 
0.07928467 
0.07388738 
0.09282288 
0.053097315 
0.04632394 
0.04395626 
0.0412807 
0.034142304 
0.037098497 
0.031715207 
0.03837963 
0.048948698 
0.06850076 
0.06351779 
0.065465994 
0.06147634 
0.03887362 
0.025247626 
0.036151424 
0.034732416 
0.033509143 
0.061659396 
0.042021424 
0.032983467 
0.028352387 
0.043156754 
0.04620769 
0.059716627 
0.0643477 
0.035312075 
0.03435505 
0.027714005 
0.029758174 
0.03458317 
0.047673427 
0.042310953 
0.03346086 
0.036972545 
0.039415117 
0.040378146 
0.031345285 
0.031290397 
0.030834064 
0.04305377 
0.0569913 
0.092671365 
0.15193313 
0.13187282 
0.15576693 
0.07814683 
0.052476067 
0.05049656 
0.06946472 
0.05708556 
0.040168907 
0.034830075 
0.025015354 
0.033781357 
0.025306314 
0.035527974 
0.04062374 
0.039965745 
0.044942774 
0.045549333 
0.042374145 
0.033946775 
0.026499923 
0.033072777 
0.032296084 
0.04830732 
0.073401764 
0.10737674 
0.13143168 
0.13622096 
0.11226196 
0.0837962 
0.068057686 
0.05224876 
0.040719956 
0.040826358 
0.045703433 
0.034297373 
0.041656565 
0.054186635 
0.052325718 
0.059070498 
0.07807654 
0.13380072 
0.19458103 
0.189315 
0.09933138 
0.047976136 
0.060417987 
0.061113313 
0.0569868 
0.048116744 
0.04212212 
0.040982552 
0.050151385 
0.07387842 
0.0766055 
0.11382878 
0.10295704 
0.120510586 
0.15231857 
0.112402126 
0.0855144 
0.09172558 
0.055924945 
0.061120056 
0.038037054 
0.0400492 
0.037345886 
0.035922352 
0.043093987 
0.037311673 
0.04181767 
0.033268612 
0.03763387 
0.036566436 
0.048582673 
0.053625975 
0.066873305 
0.05841378 
0.040037002 
0.050457805 
0.029700449 
0.03122463 
0.0373097 
0.04782864 
0.049488276 
0.049068302 
0.07946591 
0.09996523 
0.038966738 
0.03328795 
0.051972643 
0.056229062 
0.069829985 
0.06329799 
0.063845634 
0.05723604 
0.051856436 
0.05690746 
0.032099605 
0.04417721 
0.048089866 
0.03557963 
0.043721102 
0.044867553 
0.058594756 
0.16154376 
0.25023347 
0.33551732 
0.26353076 
0.083588056 
0.08120928 
0.086321324 
0.06583322 
0.05695457 
0.059365496 
0.04092962 
0.037892036 
0.05142054 
0.042574517 
0.04109836 
0.042106666 
0.03819461 
0.038057543 
0.039189965 
0.048298545 
0.033874348 
0.021710413 
0.037339836 
0.035840407 
0.04995648 
0.043954562 
0.0534391 
0.040775545 
0.02949592 
0.038301356 
0.046874195 
0.0780069 
0.08182783 
0.042042322 
0.052959487 
0.07746596 
0.13791832 
0.14080839 
0.13779102 
0.06555143 
0.052351687 
0.050623596 
0.04189948 
0.039430834 
0.041541748 
0.04168168 
0.032874342 
0.03674489 
0.046853166 
0.04533305 
0.063715056 
0.06891169 
0.09212014 
0.14541957 
0.1519328 
0.122559935 
0.05829144 
0.05854226 
0.040316887 
0.0314145 
0.039024174 
0.04025556 
0.047743715 
0.05055089 
0.035512544 
0.04816699 
0.046544746 
0.06873363 
0.0973518 
0.055108756 
0.047843143 
0.040734883 
0.050813146 
0.04355807 
0.032364514 
0.03943707 
0.03422922 
0.04431639 
0.038019575 
0.029661035 
0.029926792 
0.03264805 
0.028402407 
0.030230489 
0.037783116 
0.040348366 
0.03949175 
0.038829338 
0.051313218 
0.05785727 
0.07644661 
0.041509785 
0.03715434 
0.045017585 
0.053429812 
0.06661282 
0.06201396 
0.061138228 
0.06575908 
0.037259396 
0.039126404 
0.043991406 
0.045629725 
0.103029996 
0.13650842 
0.11659737 
0.14143687 
0.16535622 
0.2128385 
0.11485374 
0.05964233 
0.03882344 
0.04345861 
0.048285626 
0.054367878 
0.052685358 
0.07701951 
0.09144273 
0.10869193 
0.10238628 
0.09616184 
0.062802 
0.04926355 
0.04146926 
0.037052102 
0.04631807 
0.046729654 
0.04634116 
0.044560343 
0.03715113 
0.03708151 
0.040689588 
0.043223284 
0.047728684 
0.042077765 
0.05064623 
0.04019615 
0.031168217 
0.03949759 
0.026722955 
0.034290053 
0.04264526 
0.044341944 
0.06755086 
0.06842011 
0.055932097 
0.0515428 
0.042457003 
0.045453988 
0.037913196 
0.034821093 
0.02950326 
0.020254526 
0.03705816 
0.05883102 
0.08757132 
0.083213076 
0.07229194 
0.040360235 
0.03260311 
0.027269408 
0.033424653 
0.047502432 
0.07305467 
0.07994701 
0.045262963 
0.041853286 
0.06189295 
0.048851784 
0.047900513 
0.03645978 
0.035929076 
0.0355907 
0.04321687 
0.06114405 
0.12921298 
0.10818899 
0.068336084 
0.03719127 
0.035326608 
0.04902927 
0.06640423 
0.048307627 
0.047696523 
0.048363905 
0.055850174 
0.068855226 
0.12589556 
0.14654475 
0.13758388 
0.054840088 
0.04063464 
0.0636885 
0.07455545 
0.06460444 
0.06667964 
0.08487149 
0.06212986 
0.052691337 
0.051327735 
0.07414387 
0.08788003 
0.06815287 
0.08458919 
0.10185602 
0.046628047 
0.045108564 
0.07117789 
0.07599637 
0.060207993 
0.051511057 
0.044024408 
0.042147547 
0.045238025 
0.048792407 
0.058683865 
0.068477124 
0.06640999 
0.04744139 
0.0560036 
0.039904222 
0.025769556 
0.03260086 
0.05023866 
0.06432168 
0.09115426 
0.04757201 
0.053985275 
0.08837507 
0.10425648 
0.12256846 
0.11027931 
0.05818862 
0.03476954 
0.03261835 
0.036886685 
0.025243014 
0.029279208 
0.019749368 
0.033899482 
0.039219186 
0.064881735 
0.06343721 
0.060773622 
0.06039884 
0.047286972 
0.03616149 
0.025463043 
0.03927096 
0.035352204 
0.031519175 
0.048506223 
0.07153408 
0.10858554 
0.050760604 
0.029924752 
0.03901385 
0.055929467 
0.05120754 
0.038467076 
0.04746204 
0.07567932 
0.09151529 
0.06853655 
0.05887332 
0.07516096 
0.117989376 
0.19772443 
0.15562838 
0.07844926 
0.100896426 
0.07955292 
0.06585328 
0.065391116 
0.08025831 
0.0734309 
0.06727257 
0.07521416 
0.07613806 
0.0938589 
0.08692989 
0.051729612 
0.038057014 
0.040311277 
0.05378699 
0.046289727 
0.041098 
0.046826717 
0.041466117 
0.042740338 
0.045325313 
0.05936616 
0.054741632 
0.0662709 
0.0552321 
0.07852642 
0.06591044 
0.042659942 
0.038273778 
0.053313807 
0.04745312 
0.053805538 
0.060762364 
0.07333522 
0.038528137 
0.037694864 
0.036834978 
0.027184041 
0.034454353 
0.041662656 
0.046441853 
0.054314405 
0.053028174 
0.04980857 
0.04835669 
0.049571775 
0.030548675 
0.02898867 
0.059057802 
0.11189832 
0.15010273 
0.15078756 
0.09106205 
0.098442085 
0.12727338 
0.07538648 
0.06035634 
0.040448256 
0.047948062 
0.042994913 
0.045880258 
0.032461304 
0.047554843 
0.035721485 
0.04779779 
0.042500287 
0.048302308 
0.05275082 
0.027232684 
0.037633225 
0.03568895 
0.0344875 
0.0425538 
0.044308037 
0.032246314 
0.034921624 
0.048899923 
0.061481982 
0.04578045 
0.044894144 
0.038783114 
0.029907139 
0.031115688 
0.033517193 
0.041837834 
0.043965135 
0.03668586 
0.03258354 
0.042258833 
0.037311457 
0.052909672 
0.091796294 
0.16007933 
0.1591709 
0.08260457 
0.0665996 
0.052890606 
0.045958735 
0.046166148 
0.05295657 
0.04845147 
0.05774071 
0.06420928 
0.057714976 
0.056362446 
0.06723584 
0.08592439 
0.0791682 
0.040601738 
0.032382615 
0.058325145 
0.044621613 
0.02753858 
0.048094932 
0.05211803 
0.026143365 
0.0353339 
0.03156048 
0.03946703 
0.053950403 
0.05186653 
0.042793483 
0.044001907 
0.053404666 
0.025601791 
0.027640553 
0.036713824 
0.028531076 
0.03232831 
0.04390718 
0.033492424 
0.022653252 
0.035387866 
0.03499317 
0.03710669 
0.05348485 
0.054279268 
0.05557459 
0.06515539 
0.08013652 
0.070157014 
0.0685462 
0.060382538 
0.04224755 
0.04010102 
0.034583133 
0.044573985 
0.056801002 
0.045049302 
0.030322978 
0.0194127 
0.022904161 
0.019730512 
0.030432772 
0.041382488 
0.029445516 
0.032797217 
0.026507651 
0.022035943 
0.027928647 
0.02784231 
0.030986052 
0.023731552 
0.035398122 
0.03570646 
0.04002981 
0.031899437 
0.043213226 
0.05163195 
0.03240914 
0.034416832 
0.03903716 
0.03308755 
0.03011358 
0.022818513 
0.033879243 
0.03982749 
0.043635033 
0.025852636 
0.02572532 
0.038320273 
0.0588156 
0.12306647 
0.09848322 
0.08460212 
0.07493707 
0.057499908 
0.03991287 
0.058080457 
0.06993288 
0.06485888 
0.05087447 
0.033043448 
0.03391669 
0.03408173 
0.039425053 
0.032779478 
0.035585638 
0.047403306 
0.042091608 
0.047389407 
0.03589408 
0.021001698 
0.022977501 
0.025370058 
0.020227162 
0.016621476 
0.036756907 
0.03631318 
0.0257251 
0.030668883 
0.021876631 
0.02327752 
0.03647042 
0.02911437 
0.034034543 
0.04193619 
0.0505552 
0.0440529 
0.054940358 
0.08552015 
0.078615755 
0.05826796 
0.068745114 
0.08751938 
0.08550496 
0.083504565 
0.05062016 
0.048488513 
0.07384938 
0.09933507 
0.09111147 
0.068737224 
0.03539576 
0.029617593 
0.033601567 
0.03952767 
0.040862665 
0.04277319 
0.038442306 
0.0763311 
0.1262982 
0.14787647 
0.0690531 
0.036114678 
0.038326927 
0.038576324 
0.05343341 
0.043715857 
0.04051713 
0.04918261 
0.03907484 
0.05076225 
0.031807974 
0.033382386 
0.026442066 
0.02654861 
0.03398338 
0.0445948 
0.053183593 
0.043258615 
0.023546204 
0.03325014 
0.031652946 
0.03650552 
0.041669153 
0.023968827 
0.038404092 
0.03680723 
0.04598087 
0.054445866 
0.071737155 
0.101425275 
0.10158075 
0.07645768 
0.05474343 
0.046726882 
0.03289872 
0.028258499 
0.02976336 
0.0295747 
0.045000717 
0.055317998 
0.05117572 
0.041845523 
0.05537601 
0.053559102 
0.03571187 
0.023992632 
0.027259123 
0.02848019 
0.042229395 
0.054932825 
0.033478312 
0.030615924 
0.05414144 
0.04123944 
0.03125447 
0.026061125 
0.039249953 
0.043365415 
0.05883927 
0.03395179 
0.06106785 
0.03946665 
0.040417764 
0.037717946 
0.03281285 
0.027078655 
0.04667633 
0.059137825 
0.048507504 
0.056134798 
0.09375255 
0.11200801 
0.11158559 
0.10235055 
0.114892885 
0.09436485 
0.05333888 
0.045859937 
0.058375187 
0.05106341 
0.03944434 
0.05293078 
0.07937002 
0.06634414 
0.030209212 
0.04560431 
0.036622655 
0.032290947 
0.034079522 
0.0319563 
0.029372213 
0.027870763 
0.03604936 
0.049637295 
0.093246326 
0.14055225 
0.24808572 
0.20211798 
0.21857814 
0.1103367 
0.13116708 
0.06898653 
0.066599965 
0.04139925 
0.05252356 
0.056958087 
0.054664485 
0.05285254 
0.04566615 
0.030613776 
0.03719808 
0.04000879 
0.03156957 
0.02562822 
0.033279613 
0.03059738 
0.043696485 
0.068809286 
0.115188755 
0.06748751 
0.063329406 
0.09433004 
0.08382891 
0.05483776 
0.048730873 
0.028575985 
0.033109076 
0.03891551 
0.051852904 
0.06594132 
0.12483062 
0.09119652 
0.103720054 
0.0424717 
0.043343797 
0.03478787 
0.040227223 
0.036526415 
0.052064355 
0.039072134 
0.037242655 
0.042994224 
0.037741527 
0.02636324 
0.02844334 
0.035415128 
0.038009554 
0.03228423 
0.030238077 
0.049733248 
0.04368814 
0.030748416 
0.04597727 
0.0667448 
0.086885974 
0.112246335 
0.14713603 
0.113395914 
0.15110971 
0.12654687 
0.081471145 
0.052267298 
0.072322555 
0.05543957 
0.042938925 
0.04350643 
0.040844258 
0.03798171 
0.047841486 
0.046208262 
0.03818596 
0.035993803 
0.029244669 
0.03951146 
0.03941059 
0.032469917 
0.045942277 
0.046485316 
0.06323047 
0.06275106 
0.05772424 
0.048004255 
0.04206104 
0.048545454 
0.04981239 
0.05018095 
0.05204557 
0.04192077 
0.038060136 
0.040321566 
0.03661233 
0.04026366 
0.031137872 
0.044090405 
0.04100646 
0.046885043 
0.029543102 
0.048352756 
0.06777753 
0.0883235 
0.11082646 
0.0772807 
0.052948132 
0.06352495 
0.054230586 
0.06120194 
0.07269824 
0.05492985 
0.049152393 
0.050924502 
0.032728456 
0.029437073 
0.0315089 
0.03145691 
0.053666968 
0.0394535 
0.043613154 
0.056388125 
0.034430273 
0.026394006 
0.02306902 
0.029010681 
0.028876036 
0.03818802 
0.03468857 
0.046819128 
0.10220042 
0.13749444 
0.07502978 
0.07058573 
0.07044288 
0.038622987 
0.049551334 
0.05060368 
0.02767876 
0.04328549 
0.0368006 
0.04022533 
0.04064552 
0.04273778 
0.044425763 
0.027181003 
0.040914856 
0.048470605 
0.0612577 
0.07932065 
0.14399083 
0.15304872 
0.1697368 
0.19000521 
0.10384047 
0.06151416 
0.052221462 
0.054240074 
0.053013287 
0.05461664 
0.047944065 
0.039947253 
0.039276905 
0.04963443 
0.0404247 
0.034947954 
0.03282518 
0.043807887 
0.04053359 
0.03031646 
0.035648227 
0.03321235 
0.040585615 
0.052601364 
0.049630925 
0.04553326 
0.051376805 
0.0356456 
0.0364474 
0.034451727 
0.027091747 
0.031025898 
0.027664922 
0.025321476 
0.04170884 
0.038630605 
0.05061925 
0.047704924 
0.077020034 
0.11101507 
0.14254954 
0.07930427 
0.059261747 
0.05941317 
0.0642318 
0.041391436 
0.037096452 
0.040855214 
0.045281816 
0.04809693 
0.04824784 
0.053881608 
0.07612387 
0.082009345 
0.08618495 
0.124743305 
0.1862689 
0.15732765 
0.08506713 
0.039377302 
0.027705755 
0.037046902 
0.05294286 
0.050922185 
0.04133825 
0.039486684 
0.036655165 
0.029156096 
0.025389956 
0.027068943 
0.033937342 
0.033086494 
0.031868942 
0.027199153 
0.041724347 
0.031359017 
0.04313913 
0.04093743 
0.03767289 
0.03503485 
0.041922223 
0.046320446 
0.07378896 
0.09342803 
0.10712634 
0.08114456 
0.052604355 
0.046138093 
0.044088423 
0.050051596 
0.045270182 
0.029435147 
0.03621097 
0.03203116 
0.035344128 
0.03540951 
0.027603913 
0.025718812 
0.030129578 
0.041163787 
0.0536583 
0.061165713 
0.04671479 
0.04593815 
0.059772 
0.053831927 
0.049083937 
0.033151917 
0.038247526 
0.029621966 
0.024878811 
0.040001817 
0.03461732 
0.03842607 
0.038003184 
0.040422607 
0.028012644 
0.030459302 
0.026999915 
0.03639122 
0.042097118 
0.04639826 
0.094784014 
0.1314149 
0.1415872 
0.17844015 
0.1486926 
0.12339917 
0.07522696 
0.047372818 
0.046859186 
0.03529488 
0.040962793 
0.033117652 
0.036194414 
0.047225796 
0.05100974 
0.042731326 
0.03357136 
0.04999916 
0.040041067 
0.027492462 
0.036389463 
0.034172427 
0.039790228 
0.032443352 
0.037800852 
0.032813005 
0.03172834 
0.035167903 
0.029931977 
0.02780339 
0.030558761 
0.034752756 
0.039231833 
0.03330674 
0.0370189 
0.031360306 
0.032024838 
0.054211408 
0.11126821 
0.15402576 
0.119354665 
0.15654084 
0.1118177 
0.080387846 
0.059405565 
0.04951358 
0.06910968 
0.060248233 
0.06983511 
0.053967826 
0.07110402 
0.09716827 
0.07059584 
0.054749668 
0.031263486 
0.034397922 
0.039656624 
0.035333578 
0.03344667 
0.047361687 
0.049570203 
0.04540012 
0.042442866 
0.04122723 
0.04128205 
0.040713295 
0.04604906 
0.044478066 
0.040500905 
0.0317403 
0.03125414 
0.022014182 
0.026598737 
0.030583287 
0.035734743 
0.031239085 
0.028093256 
0.032072943 
0.039660208 
0.053142704 
0.03931708 
0.030523878 
0.05441338 
0.04692985 
0.017859502 
0.02967458 
0.025504414 
0.02228232 
0.026853308 
0.040510982 
0.02885331 
0.028262932 
0.028693117 
0.041493803 
0.03915889 
0.049170658 
0.05804535 
0.07699752 
0.059972998 
0.061106164 
0.08907071 
0.113281965 
0.18028289 
0.18712285 
0.17000115 
0.060649924 
0.082134895 
0.08524352 
0.045546774 
0.0340393 
0.03954962 
0.043753996 
0.040917262 
0.026856732 
0.03649954 
0.04526863 
0.047970675 
0.03819836 
0.028414402 
0.035312355 
0.01766819 
0.033766646 
0.022614468 
0.030229881 
0.032359533 
0.024760008 
0.033593282 
0.019256745 
0.034157235 
0.029056262 
0.042656943 
0.059123643 
0.04180291 
0.05233949 
0.054069668 
0.05941303 
0.06279875 
0.086960234 
0.043207742 
0.037128758 
0.052796092 
0.03683814 
0.02790165 
0.03241522 
0.02084602 
0.029755598 
0.029820649 
0.034649696 
0.04175105 
0.023547836 
0.032507464 
0.03354864 
0.041512277 
0.058761604 
0.03276322 
0.02597458 
0.030272832 
0.037075587 
0.038163528 
0.04601582 
0.05498895 
0.039156325 
0.052295804 
0.048430923 
0.064093396 
0.08383863 
0.04637329 
0.036732703 
0.0442176 
0.05014357 
0.0434755 
0.033429436 
0.03289207 
0.039338548 
0.045436278 
0.07131277 
0.057368517 
0.039629526 
0.034303296 
0.03648196 
0.046641074 
0.042238776 
0.022746703 
0.032694213 
0.04989598 
0.05560215 
0.033569857 
0.022531133 
0.034936853 
0.024029532 
0.014648134 
0.034690306 
0.036960777 
0.025797151 
0.025727827 
0.031550705 
0.048756868 
0.09035643 
0.115421936 
0.13171114 
0.09694368 
0.05741459 
0.10284334 
0.06575088 
0.06702817 
0.10559206 
0.10892781 
0.06360131 
0.030796971 
0.029610215 
0.034120403 
0.03721596 
0.034183383 
0.03488099 
0.04529335 
0.030344918 
0.033561323 
0.032336332 
0.023056492 
0.042234678 
0.069704205 
0.034778457 
0.04316342 
0.09389798 
0.16749986 
0.0984016 
0.10364799 
0.21705826 
0.12079409 
0.07614806 
0.061943896 
0.04887549 
0.040278003 
0.037422203 
0.040431753 
0.028317027 
0.042007655 
0.029789219 
0.031066261 
0.026712462 
0.034104355 
0.03462128 
0.0435085 
0.030882787 
0.027413083 
0.038182653 
0.03777722 
0.04098989 
0.04445984 
0.03866144 
0.041549765 
0.04278066 
0.0450449 
0.06254965 
0.08116321 
0.13046956 
0.15455598 
0.185268 
0.061314333 
0.052242745 
0.048066854 
0.030109216 
0.033885613 
0.027800959 
0.034848385 
0.03714353 
0.031826317 
0.02772798 
0.027666038 
0.02820805 
0.02796838 
0.023113173 
0.031873282 
0.034029845 
0.041892793 
0.035345335 
0.034179386 
0.030652905 
0.02954793 
0.040605325 
0.041814163 
0.032753598 
0.02933551 
0.034722313 
0.033475656 
0.045500718 
0.049116842 
0.048618738 
0.07221891 
0.04916634 
0.05433947 
0.057097994 
0.066723466 
0.025857724 
0.017441083 
0.01546982 
0.026794296 
0.042986475 
0.033206195 
0.03185831 
0.026719192 
0.039382048 
0.024418755 
0.019951608 
0.02195222 
0.020008584 
0.031563234 
0.024312785 
0.034331452 
0.02753346 
0.027125781 
0.035364836 
0.026720457 
0.030447904 
0.02033449 
0.024214622 
0.024441004 
0.017343398 
0.02421451 
0.029357344 
0.03642966 
0.030927729 
0.042597327 
0.04763987 
0.042399935 
0.04750713 
0.05130498 
0.068409674 
0.07613501 
0.07161619 
0.05060205 
0.04842994 
0.044390794 
0.0452514 
0.038105242 
0.042896103 
0.03606783 
0.057150166 
0.053565197 
0.055196475 
0.06640669 
0.06651557 
0.0454566 
0.036830775 
0.04841717 
0.033187326 
0.03334307 
0.02712196 
0.022361746 
0.0290717 
0.02993718 
0.02168028 
0.035764955 
0.042348698 
0.07536755 
0.17887753 
0.092909485 
0.042593613 
0.035608113 
0.037410796 
0.04270213 
0.046035685 
0.03020178 
0.025330871 
0.02939229 
0.03406848 
0.034498088 
0.060521215 
0.24772826 
0.34183896 
0.15010434 
0.103692174 
0.055487268 
0.038582437 
0.04601507 
0.0335308 
0.04090121 
0.033305302 
0.03921219 
0.047317807 
0.058106292 
0.04338213 
0.03150074 
0.03433323 
0.03775556 
0.046517283 
0.050627135 
0.06168734 
0.055326335 
0.07502998 
0.03741041 
0.041698676 
0.048418216 
0.05640368 
0.04360551 
0.03184457 
0.033204496 
0.048064448 
0.03076857 
0.03180568 
0.031683918 
0.047892906 
0.05697967 
0.0475245 
0.052000117 
0.040735632 
0.036772262 
0.046398927 
0.04589458 
0.05397087 
0.051844284 
0.03524429 
0.035042726 
0.03086196 
0.024448393 
0.042184796 
0.05605176 
0.0773731 
0.10843473 
0.2516074 
0.34004766 
0.14089528 
0.065228105 
0.040396754 
0.04969705 
0.043553922 
0.023403786 
0.040778875 
0.05846593 
0.053063102 
0.08211009 
0.11882473 
0.09562947 
0.10370402 
0.08660956 
0.038947165 
0.028070081 
0.035205603 
0.0363409 
0.031381365 
0.030951452 
0.026557097 
0.02107751 
0.022167675 
0.02348055 
0.035086133 
0.10187375 
0.17912291 
0.05237945 
0.054944657 
0.041333243 
0.04051931 
0.04892774 
0.048636332 
0.048410717 
0.052414283 
0.054699898 
0.03839417 
0.053293355 
0.058346655 
0.059583776 
0.042774074 
0.032460053 
0.029846562 
0.028704245 
0.026991313 
0.03400831 
0.034422614 
0.027272625 
0.0374975 
0.038747128 
0.058239482 
0.05971396 
0.038738925 
0.05196143 
0.034691837 
0.02467589 
0.03401214 
0.040690884 
0.050896958 
0.06838494 
0.06020531 
0.037127033 
0.025635011 
0.024863593 
0.04008861 
0.04589237 
0.027448164 
0.02883486 
0.029946413 
0.03661316 
0.033367015 
0.025877886 
0.035398066 
0.05556847 
0.05601098 
0.043544605 
0.02414941 
0.03478747 
0.052136417 
0.2146613 
0.27709335 
0.20413506 
0.08230074 
0.069967866 
0.04239087 
0.054953694 
0.08722378 
0.09481138 
0.056849495 
0.034856044 
0.031140186 
0.02649732 
0.050101254 
0.066407636 
0.08970189 
0.05611259 
0.04444427 
0.039455198 
0.05489867 
0.041472174 
0.0396669 
0.032468736 
0.03910388 
0.031119552 
0.030526819 
0.03133411 
0.033176273 
0.028036583 
0.040102266 
0.04003325 
0.020720845 
0.025593534 
0.027640745 
0.030394724 
0.04299172 
0.03142096 
0.03854607 
0.023072463 
0.031728715 
0.029342216 
0.031440936 
0.043909237 
0.055774592 
0.06012529 
0.07188723 
0.10363448 
0.099904686 
0.06855066 
0.061147973 
0.04023079 
0.034751654 
0.023363106 
0.035020128 
0.02988549 
0.025720952 
0.03372769 
0.02396888 
0.03363478 
0.03262511 
0.0348327 
0.028107326 
0.029514821 
0.035519164 
0.03193535 
0.037670746 
0.027066097 
0.02438672 
0.027399234 
0.03418482 
0.025705494 
0.031004634 
0.032813728 
0.030047504 
0.027863387 
0.022051558 
0.022084512 
0.027548227 
0.035344794 
0.03813336 
0.032290258 
0.035623193 
0.040877976 
0.032336004 
0.04339167 
0.070734814 
0.07002364 
0.07967603 
0.08626041 
0.066008255 
0.081107184 
0.06497945 
0.041488882 
0.03917366 
0.038943656 
0.039391175 
0.039353635 
0.04822775 
0.06319596 
0.028035322 
0.031608842 
0.023126703 
0.0293123 
0.02485414 
0.025566082 
0.030716442 
0.03249772 
0.031567723 
0.025226332 
0.023964845 
0.020935211 
0.027312156 
0.018987183 
0.022332825 
0.02879566 
0.021830017 
0.022791216 
0.04041942 
0.05206643 
0.091608435 
0.12159492 
0.10445467 
0.060785025 
0.07446047 
0.102879785 
0.08932154 
0.059898153 
0.03898396 
0.030087903 
0.039315127 
0.05859398 
0.043187838 
0.04075594 
0.048379254 
0.056372117 
0.060528018 
0.05494443 
0.0770434 
0.06311437 
0.05385612 
0.1017015 
0.12535858 
0.11821273 
0.10040316 
0.060311493 
0.056254238 
0.050754555 
0.07213969 
0.08219622 
0.08579552 
0.07474827 
0.027902547 
0.032805726 
0.028176248 
0.035006434 
0.033502717 
0.03106751 
0.026014276 
0.027764473 
0.029501269 
0.024514832 
0.04819761 
0.061674535 
0.08378708 
0.075151816 
0.19368622 
0.19373895 
0.20899299 
0.17694394 
0.12107245 
0.0625424 
0.07396403 
0.06155808 
0.05393239 
0.03945218 
0.039484754 
0.04000537 
0.031715933 
0.028595455 
0.04196362 
0.034705035 
0.053494185 
0.054105505 
0.042646967 
0.028475534 
0.040161528 
0.033708826 
0.04001551 
0.027378011 
0.025927123 
0.027632738 
0.030079696 
0.020839956 
0.029710524 
0.017901206 
0.02650984 
0.022661274 
0.02921316 
0.034346744 
0.040520277 
0.047716267 
0.057991616 
0.055311013 
0.033909477 
0.03996534 
0.02978646 
0.032062307 
0.02912879 
0.030016966 
0.036205936 
0.032437086 
0.039143134 
0.045618627 
0.08320347 
0.07565339 
0.037124336 
0.04685684 
0.075027674 
0.09170918 
0.21023488 
0.119363174 
0.095007256 
0.059527095 
0.029347477 
0.038179833 
0.035991564 
0.029013883 
0.028400077 
0.021891829 
0.027434263 
0.019463215 
0.022654388 
0.0203306 
0.028623302 
0.030542651 
0.03201202 
0.032659803 
0.028608821 
0.026105434 
0.02526243 
0.02877466 
0.033517808 
0.017632963 
0.021907134 
0.020759584 
0.022127703 
0.018705703 
0.024185464 
0.027917381 
0.024530523 
0.024089226 
0.031713743 
0.023025252 
0.036355812 
0.025590189 
0.026291747 
0.025847392 
0.020297144 
0.02292442 
0.025959874 
0.030017294 
0.04421878 
0.056522235 
0.06681281 
0.06055223 
0.05381379 
0.054212853 
0.02960429 
0.03269667 
0.038705125 
0.027422179 
0.03065585 
0.03778933 
0.03264405 
0.03688597 
0.036876112 
0.03421606 
0.04026176 
0.023766922 
0.04113476 
0.028941568 
0.034059484 
0.027937302 
0.024446245 
0.031141093 
0.03262665 
0.024102796 
0.02869907 
0.033439126 
0.03923077 
0.04976213 
0.038413137 
0.030405909 
0.04065389 
0.05736473 
0.081014335 
0.06917072 
0.06779516 
0.10742642 
0.15227509 
0.14339289 
0.11237162 
0.09162285 
0.057226423 
0.054204877 
0.06403658 
0.072263084 
0.09921428 
0.09535071 
0.08238335 
0.03749198 
0.0332282 
0.037254646 
0.034648784 
0.039090976 
0.036715426 
0.04951221 
0.06349523 
0.10891078 
0.10106284 
0.059727315 
0.056524403 
0.038706444 
0.051330265 
0.04954283 
0.025416093 
0.041163534 
0.04749536 
0.063552834 
0.042816326 
0.03951338 
0.04824668 
0.059539445 
0.074339226 
0.044764407 
0.04309811 
0.045316968 
0.049270317 
0.05176072 
0.0655451 
0.058119517 
0.06794331 
0.052298013 
0.03895835 
0.029984541 
0.03096387 
0.02878327 
0.038143508 
0.028085768 
0.029674008 
0.031384263 
0.016191823 
0.030237071 
0.038489293 
0.039210703 
0.02944433 
0.024192542 
0.025498135 
0.017820453 
0.030619852 
0.034492716 
0.02925646 
0.028561 
0.041743957 
0.058873408 
0.08008367 
0.10372898 
0.10000319 
0.0646992 
0.06046365 
0.031319678 
0.03956347 
0.06290567 
0.10375711 
0.14153442 
0.06943555 
0.08886989 
0.061204452 
0.027958153 
0.040057518 
0.029332615 
0.03107938 
0.05555272 
0.080956616 
0.029952649 
0.03166072 
0.022974983 
0.031298444 
0.027310994 
0.040396772 
0.045262855 
0.042617753 
0.040808063 
0.047995664 
0.046325408 
0.0570371 
0.06467399 
0.048962355 
0.06478219 
0.081926346 
0.053452685 
0.040756356 
0.03180168 
0.0310013 
0.039110444 
0.02677884 
0.02794458 
0.030508997 
0.03826621 
0.03942437 
0.056548785 
0.06156286 
0.10136889 
0.06626442 
0.09486675 
0.05053334 
0.04421953 
0.04196644 
0.054164696 
0.0329692 
0.03176058 
0.024742978 
0.026252123 
0.03046051 
0.02523272 
0.031432025 
0.04345745 
0.045494795 
0.043447852 
0.034238502 
0.03177976 
0.036637284 
0.035758365 
0.042048495 
0.055040237 
0.067394614 
0.048504185 
0.046686277 
0.04800998 
0.030499797 
0.03130462 
0.029709179 
0.028166417 
0.03214187 
0.028977662 
0.027622512 
0.034085963 
0.038292706 
0.029311921 
0.022792796 
0.016516758 
0.02707873 
0.023262624 
0.030891497 
0.031713255 
0.03800317 
0.06275123 
0.07691519 
0.084257744 
0.12023815 
0.12237286 
0.079743825 
0.056768734 
0.04404674 
0.032362543 
0.030276334 
0.031220749 
0.037697904 
0.037072357 
0.027743619 
0.039993312 
0.10875724 
0.27485442 
0.1811075 
0.0627415 
0.044511992 
0.046300545 
0.04641943 
0.03794229 
0.03758201 
0.06207001 
0.05082448 
0.035758093 
0.028079242 
0.025000019 
0.029119788 
0.03099767 
0.028806407 
0.039436184 
0.026096344 
0.03308058 
0.036661934 
0.022421036 
0.024770949 
0.024823308 
0.023429964 
0.016346343 
0.020719368 
0.024162587 
0.025277559 
0.029188436 
0.056886774 
0.045782693 
0.028143395 
0.030962083 
0.037394114 
0.021437846 
0.044459794 
0.0351997 
0.060430765 
0.13379173 
0.13155067 
0.123919085 
0.060201224 
0.063752785 
0.08436814 
0.087847024 
0.043093678 
0.03654781 
0.037662666 
0.0241973 
0.027331725 
0.02977259 
0.023793137 
0.021226034 
0.0315393 
0.02755981 
0.024980556 
0.027375577 
0.028520122 
0.032479454 
0.027146975 
0.019344855 
0.0276753 
0.036957465 
0.032751985 
0.045363426 
0.086589254 
0.105333745 
0.16667731 
0.060929243 
0.06258659 
0.051605996 
0.036518883 
0.05011068 
0.03200333 
0.038415678 
0.089103796 
0.11367346 
0.04656484 
0.03254047 
0.029919012 
0.019477502 
0.025115151 
0.033238117 
0.039304253 
0.02686043 
0.028623518 
0.041955598 
0.050827406 
0.040165402 
0.041559532 
0.05071996 
0.08151531 
0.07668032 
0.053399593 
0.035289254 
0.04788866 
0.06312886 
0.061567232 
0.04701685 
0.04596065 
0.03454455 
0.03753821 
0.033213355 
0.025695657 
0.034292664 
0.047104556 
0.06281294 
0.05275797 
0.03693424 
0.029045613 
0.038042985 
0.036971923 
0.057976432 
0.046386838 
0.03170768 
0.030625474 
0.041425236 
0.024355013 
0.03480576 
0.034725122 
0.038327087 
0.039251465 
0.039585505 
0.039006837 
0.03789503 
0.033235073 
0.03433056 
0.026182842 
0.02541106 
0.028662566 
0.020776931 
0.02301899 
0.017247632 
0.023710962 
0.022023562 
0.020871993 
0.03144393 
0.03564521 
0.018875932 
0.021591078 
0.03508801 
0.04864893 
0.05981552 
0.053731214 
0.07170433 
0.04585536 
0.033136837 
0.050861936 
0.09200773 
0.11721281 
0.18919197 
0.07174678 
0.033316597 
0.038031895 
0.036585435 
0.023013633 
0.033829883 
0.041294444 
0.060130928 
0.06325406 
0.042958107 
0.020983547 
0.024530789 
0.030985683 
0.037551 
0.043570288 
0.039444726 
0.046212237 
0.06376004 
0.057044417 
0.023334857 
0.03440783 
0.032041755 
0.028946942 
0.024259135 
0.031566035 
0.032436527 
0.051993046 
0.07825179 
0.051789694 
0.049720097 
0.050911207 
0.049439035 
0.036029086 
0.032000095 
0.02806752 
0.024675798 
0.03402818 
0.03664652 
0.060901795 
0.074255064 
0.10220775 
0.1368515 
0.12355816 
0.10646955 
0.04292741 
0.036616966 
0.03433188 
0.026411 
0.028922616 
0.050274152 
0.035886154 
0.037887245 
0.03585523 
0.027489588 
0.045644626 
0.04310609 
0.06652305 
0.08905513 
0.1169635 
0.045747593 
0.045600682 
0.06636698 
0.056860708 
0.034303717 
0.026916595 
0.023387175 
0.027464747 
0.0263225 
0.029972687 
0.021579208 
0.03147071 
0.031536374 
0.020356216 
0.026301432 
0.025501657 
0.022171356 
0.025420936 
0.028572757 
0.025041662 
0.04333859 
0.077037804 
0.04700566 
0.03362675 
0.03417994 
0.039547533 
0.042755954 
0.049087573 
0.026072416 
0.027695876 
0.023451291 
0.018659486 
0.030487657 
0.031666093 
0.052239615 
0.028692193 
0.039191566 
0.06503028 
0.08611576 
0.12621224 
0.05554321 
0.054022092 
0.06237855 
0.19094765 
0.21871528 
0.095253415 
0.09983197 
0.056612547 
0.03499196 
0.032742538 
0.03505718 
0.0514323 
0.031274818 
0.027070735 
0.04623905 
0.09788287 
0.08782436 
0.042886898 
0.02927099 
0.029902183 
0.032644674 
0.02968125 
0.03133042 
0.037876878 
0.03318701 
0.034174096 
0.02735407 
0.025354126 
0.028806834 
0.0228881 
0.025201302 
0.02848318 
0.025555786 
0.028659657 
0.021784484 
0.027147163 
0.026563851 
0.024968758 
0.023118904 
0.022751562 
0.03299313 
0.04106568 
0.032959003 
0.041465644 
0.03283208 
0.028539794 
0.033878416 
0.03774341 
0.04302904 
0.045532964 
0.052572325 
0.06073892 
0.09228319 
0.1023337 
0.085628286 
0.04220361 
0.037455168 
0.053779766 
0.060698748 
0.046326555 
0.048967756 
0.04926112 
0.055025496 
0.034250945 
0.042601407 
0.055983905 
0.043802433 
0.057780832 
0.08736642 
0.036297634 
0.028286189 
0.025908593 
0.025054522 
0.025892828 
0.026022702 
0.0254336 
0.017292239 
0.018420711 
0.024809064 
0.01958821 
0.02484778 
0.027629735 
0.02642854 
0.038728572 
0.04896483 
0.059010394 
0.049124528 
0.03432799 
0.02446067 
0.027980728 
0.022520043 
0.017062366 
0.026974805 
0.03196964 
0.02019229 
0.024867956 
0.026287282 
0.018434744 
0.020086903 
0.017128618 
0.021912571 
0.020189509 
0.024054393 
0.022890048 
0.02257249 
0.015665272 
0.0133233555 
0.018833019 
0.016973918 
0.018467993 
0.024167852 
0.02475686 
0.027228765 
0.038631536 
0.03900043 
0.040775698 
0.043110304 
0.05644378 
0.07780873 
0.10514333 
0.11967364 
0.1986947 
0.109723054 
0.12812617 
0.12722823 
0.12657897 
0.06501302 
0.041870598 
0.022799905 
0.03672456 
0.02825285 
0.025599789 
0.03873038 
0.03728071 
0.02707954 
0.03282621 
0.025643846 
0.039450467 
0.030395834 
0.038469523 
0.033363637 
0.021666046 
0.021842059 
0.03735914 
0.0538702 
0.0642379 
0.09775688 
0.07786481 
0.11672905 
0.13323478 
0.11980263 
0.09523432 
0.100403294 
0.059833806 
0.034314763 
0.042654432 
0.05297707 
0.04259813 
0.05615172 
0.04446257 
0.040351808 
0.035690665 
0.024833618 
0.034580126 
0.046625357 
0.05005371 
0.054391403 
0.09605603 
0.064983934 
0.047562324 
0.032206364 
0.051920444 
0.05502498 
0.06200755 
0.07852897 
0.04479637 
0.035792068 
0.042404234 
0.06910622 
0.10910335 
0.08394796 
0.054807868 
0.045205876 
0.03767469 
0.024578743 
0.024866596 
0.04202517 
0.028364222 
0.03564902 
0.029403416 
0.049180474 
0.030646902 
0.03964038 
0.027930906 
0.036095474 
0.0540023 
0.08967235 
0.11485806 
0.11011124 
0.08657065 
0.05267017 
0.061540823 
0.04857591 
0.032771222 
0.060909294 
0.03678424 
0.048038557 
0.031866193 
0.027106278 
0.025804922 
0.0396399 
0.05995345 
0.05161256 
0.040831044 
0.06406079 
0.061345175 
0.038692478 
0.030892389 
0.03589334 
0.04540882 
0.045689598 
0.05759497 
0.054762125 
0.040123098 
0.02632638 
0.027113333 
0.045096107 
0.028315216 
0.023232777 
0.033382766 
0.027402386 
0.02291882 
0.028391361 
0.029424636 
0.022086933 
0.03209856 
0.026115377 
0.022505844 
0.039803803 
0.0384145 
0.017523116 
0.022136228 
0.024937183 
0.030876458 
0.036984503 
0.025482016 
0.026606984 
0.027717037 
0.041287884 
0.046427995 
0.047676977 
0.04574053 
0.029024737 
0.026210306 
0.030783862 
0.044343248 
0.044096887 
0.05556463 
0.055072494 
0.036538795 
0.03287611 
0.035266288 
0.060281344 
0.06140401 
0.03632525 
0.027910933 
0.034785632 
0.038304403 
0.029089306 
0.030753346 
0.042395346 
0.043527015 
0.032221004 
0.025467465 
0.027071208 
0.032864712 
0.026587997 
0.036604747 
0.04944066 
0.038102023 
0.042401634 
0.042754084 
0.04345365 
0.044222973 
0.029817974 
0.032531977 
0.056252394 
0.06348876 
0.032877266 
0.028620752 
0.031251088 
0.025843922 
0.031403206 
0.03887666 
0.03090129 
0.028393457 
0.024547247 
0.029640947 
0.045228735 
0.05294392 
0.052002627 
0.042609897 
0.03955862 
0.03057653 
0.023870155 
0.032849316 
0.044356883 
0.036563635 
0.057967477 
0.04170125 
0.024484193 
0.025756212 
0.027106503 
0.039626382 
0.071542144 
0.046997786 
0.06207671 
0.040879797 
0.033433266 
0.035929535 
0.033515517 
0.039308824 
0.029074777 
0.028346423 
0.047012538 
0.05824388 
0.056090683 
0.047830522 
0.047875524 
0.030127333 
0.034836613 
0.056054763 
0.056866728 
0.051636275 
0.08324772 
0.09486796 
0.09157764 
0.05306535 
0.043349102 
0.034481674 
0.038952325 
0.033527687 
0.046785787 
0.026628027 
0.030684436 
0.03661892 
0.036836628 
0.047721434 
0.040037297 
0.047086194 
0.072577536 
0.095430285 
0.047960572 
0.038392723 
0.024259945 
0.023158439 
0.034988046 
0.04024615 
0.039418798 
0.025490843 
0.024147172 
0.02805981 
0.021836616 
0.024599884 
0.02875314 
0.041383695 
0.042845495 
0.032655872 
0.03759766 
0.060315043 
0.049540933 
0.06500236 
0.07284769 
0.07358519 
0.04826706 
0.034287333 
0.025948953 
0.027907953 
0.032863967 
0.02209648 
0.02053898 
0.019998012 
0.015448457 
0.020941637 
0.025855126 
0.034106106 
0.023680357 
0.027078416 
0.03260941 
0.026180439 
0.02264044 
0.020658452 
0.02331903 
0.021103825 
0.02377018 
0.026117051 
0.033572856 
0.030825377 
0.042878788 
0.03302798 
0.04383274 
0.049542353 
0.030021746 
0.032364342 
0.049324445 
0.07401255 
0.10505884 
0.1188243 
0.07092404 
0.056790322 
0.065617986 
0.07297222 
0.05155968 
0.0467392 
0.064281166 
0.088807024 
0.059287164 
0.032631617 
0.03124953 
0.03662301 
0.065728806 
0.05861822 
0.026627868 
0.029284667 
0.04913026 
0.03781216 
0.04520778 
0.100770876 
0.092919365 
0.11155469 
0.099109694 
0.07180566 
0.0778442 
0.05785284 
0.031423584 
0.029002737 
0.028869085 
0.024977852 
0.025470626 
0.027815817 
0.0286212 
0.022782896 
0.036555443 
0.043145895 
0.04233987 
0.024971044 
0.032449227 
0.032762416 
0.047320914 
0.06291603 
0.043708894 
0.0263767 
0.024061702 
0.028004909 
0.025718115 
0.03646165 
0.038597465 
0.02610638 
0.026485886 
0.021213586 
0.02650344 
0.020968549 
0.03518179 
0.031319674 
0.03426501 
0.022848101 
0.028170794 
0.034573108 
0.023936782 
0.02238267 
0.029176142 
0.043863423 
0.03220489 
0.038350914 
0.026423773 
0.030752767 
0.023379374 
0.019092623 
0.022737917 
0.022406356 
0.032915503 
0.04065983 
0.046268508 
0.05239116 
0.05763192 
0.04972832 
0.037995547 
0.026677623 
0.032867208 
0.04808549 
0.051776282 
0.09064887 
0.21577689 
0.20108509 
0.10618583 
0.05331097 
0.040594365 
0.022321485 
0.03468711 
0.043319605 
0.03719885 
0.03064523 
0.058751408 
0.041665427 
0.015056867 
0.023573508 
0.023245586 
0.022681497 
0.02347457 
0.017122125 
0.033802018 
0.04011169 
0.12894459 
0.23129801 
0.13180901 
0.067640714 
0.0630223 
0.058379132 
0.04795006 
0.031073123 
0.023337634 
0.01983054 
0.025757186 
0.04111229 
0.059912533 
0.06686807 
0.13819169 
0.19471964 
0.19667493 
0.15337244 
0.08066659 
0.06896258 
0.06852788 
0.050964437 
0.035883114 
0.04057262 
0.026897056 
0.032262407 
0.049445152 
0.05786048 
0.06025865 
0.08235097 
0.035911806 
0.023656107 
0.02996198 
0.048138782 
0.041304633 
0.04302767 
0.04976157 
0.047879905 
0.03418071 
0.04584635 
0.027187662 
0.018313723 
0.038076907 
0.049422115 
0.05351536 
0.026297335 
0.03424441 
0.029051013 
0.052029707 
0.07684457 
0.030396855 
0.023259055 
0.03400471 
0.02685123 
0.030920913 
0.018430041 
0.03065265 
0.041144952 
0.044050686 
0.035814527 
0.039815433 
0.033531114 
0.027202958 
0.02277562 
0.034306947 
0.027451066 
0.028562732 
0.026628625 
0.034100056 
0.046403036 
0.04581411 
0.05802579 
0.042111605 
0.05168899 
0.044941667 
0.047660958 
0.03255385 
0.023765437 
0.028417278 
0.030206393 
0.026888555 
0.025876824 
0.041642547 
0.057752687 
0.07281585 
0.039683446 
0.059367802 
0.06974221 
0.04259624 
0.040607635 
0.02809186 
0.021714497 
0.030884847 
0.057862468 
0.062094968 
0.092816986 
0.12990499 
0.04454447 
0.029736232 
0.03237093 
0.038452175 
0.04805622 
0.03947927 
0.050628338 
0.05108138 
0.05183211 
0.04214356 
0.051869646 
0.049654953 
0.041908976 
0.030306526 
0.03472677 
0.027296562 
0.031209692 
0.028576743 
0.02767475 
0.028999157 
0.030247543 
0.032438096 
0.053515393 
0.041595947 
0.03857484 
0.03830318 
0.037654288 
0.025997426 
0.038908232 
0.03291267 
0.02670213 
0.023295453 
0.03038179 
0.02226346 
0.024383323 
0.027436249 
0.016693996 
0.023288827 
0.027826024 
0.027889363 
0.02791021 
0.031945452 
0.037869588 
0.023179239 
0.021648683 
0.025039835 
0.019818421 
0.030067384 
0.058188938 
0.0667761 
0.06249781 
0.047119036 
0.059508346 
0.04411859 
0.044441223 
0.047343027 
0.03283982 
0.037822925 
0.057287395 
0.036451794 
0.030985065 
0.028290063 
0.0352921 
0.024776334 
0.021795508 
0.040525425 
0.02744807 
0.030051384 
0.038315624 
0.03698661 
0.053005427 
0.06548922 
0.029157318 
0.022996282 
0.01989663 
0.02269096 
0.024826933 
0.031543884 
0.022043658 
0.031018954 
0.028443493 
0.027512267 
0.027316745 
0.019488571 
0.028456332 
0.026720216 
0.031604238 
0.04048875 
0.07072214 
0.13699621 
0.050502203 
0.04226567 
0.024667142 
0.023668995 
0.03140667 
0.04153743 
0.079339616 
0.056836255 
0.02865825 
0.024950907 
0.026036382 
0.020615209 
0.019334348 
0.023089878 
0.031589586 
0.029386401 
0.029682394 
0.029863223 
0.04122349 
0.057884127 
0.06099014 
0.07964757 
0.08489649 
0.03379488 
0.0368372 
0.035550214 
0.023180762 
0.016360268 
0.03312 
0.027055383 
0.034078754 
0.030764926 
0.02892646 
0.030131318 
0.03442155 
0.0242816 
0.021535026 
0.018508092 
0.02465596 
0.03886813 
0.05318203 
0.030627547 
0.029005341 
0.026424242 
0.016856816 
0.035299487 
0.05914367 
0.07388258 
0.027570013 
0.031836234 
0.036311686 
0.024527576 
0.027782312 
0.031355456 
0.025414497 
0.01952779 
0.023041494 
0.025166837 
0.020632662 
0.027968321 
0.024106048 
0.03169117 
0.04266677 
0.032635026 
0.049459085 
0.043024022 
0.027126055 
0.02382166 
0.020976964 
0.022500802 
0.04767339 
0.059139445 
0.041724063 
0.035337333 
0.02359002 
0.035092987 
0.051594533 
0.047224697 
0.040031437 
0.048313454 
0.028049365 
0.06691987 
0.11228323 
0.13985999 
0.15281846 
0.20575674 
0.2314957 
0.14915887 
0.06831378 
0.037726887 
0.034905583 
0.058523603 
0.0548101 
0.05767503 
0.03847875 
0.02966743 
0.033678353 
0.07176955 
0.07904376 
0.024494248 
0.042640984 
0.028629705 
0.02946389 
0.034661762 
0.03271464 
0.036822595 
0.026442394 
0.019487578 
0.023365557 
0.031541593 
0.03329411 
0.03548283 
0.020460729 
0.022930223 
0.021779664 
0.035466164 
0.032497823 
0.059528224 
0.047664057 
0.041953184 
0.031433415 
0.027015563 
0.033520047 
0.065816745 
0.06873882 
0.042662106 
0.047458246 
0.049485356 
0.03526093 
0.036014326 
0.03928723 
0.032699175 
0.024104599 
0.021731613 
0.019569162 
0.035125703 
0.021490704 
0.02367533 
0.02665975 
0.02103391 
0.037691385 
0.028446537 
0.026473992 
0.028603751 
0.03372532 
0.033695213 
0.028793015 
0.020897381 
0.017069904 
0.018375766 
0.01972182 
0.02295352 
0.034128692 
0.07357776 
0.068129614 
0.029065339 
0.026715266 
0.03584754 
0.0481813 
0.044952236 
0.032210093 
0.04882551 
0.06434907 
0.087174505 
0.072744995 
0.08086932 
0.068734944 
0.12624976 
0.13600077 
0.188774 
0.111885846 
0.08738272 
0.04887537 
0.05412381 
0.04516211 
0.02802277 
0.02948184 
0.048457883 
0.039843448 
0.02716275 
0.034906596 
0.022510204 
0.036521643 
0.034280587 
0.036824565 
0.06853705 
0.04852786 
0.03776989 
0.057687238 
0.0835655 
0.07992808 
0.045073904 
0.020815797 
0.023667745 
0.031258646 
0.038829934 
0.029105775 
0.027829872 
0.037824888 
0.057030924 
0.09074408 
0.07483921 
0.030701581 
0.03360513 
0.03353031 
0.055524983 
0.04922486 
0.030063007 
0.028842887 
0.021783326 
0.02283892 
0.02796009 
0.028413303 
0.03893456 
0.029741703 
0.02715113 
0.037191916 
0.042951442 
0.06400431 
0.050527275 
0.03535521 
0.033980645 
0.035608437 
0.034448322 
0.06326288 
0.05781839 
0.044259213 
0.033806745 
0.034884874 
0.03670152 
0.030302558 
0.03750384 
0.025643624 
0.03236585 
0.040643916 
0.035292137 
0.043408908 
0.038020894 
0.0343756 
0.05240107 
0.04860325 
0.019426236 
0.026661541 
0.022848764 
0.026691984 
0.026250297 
0.02839534 
0.02032362 
0.026639495 
0.022548847 
0.034490556 
0.031155957 
0.021135181 
0.021630216 
0.022096312 
0.016430305 
0.023944827 
0.023918483 
0.018053826 
0.025905147 
0.014808703 
0.023975661 
0.02819105 
0.051937606 
0.0740114 
0.03296835 
0.03132674 
0.023685556 
0.044649735 
0.048070744 
0.062068585 
0.031187799 
0.037142668 
0.04139117 
0.031823486 
0.044945948 
0.02037143 
0.025857758 
0.03368655 
0.031782612 
0.024147034 
